t,r,theta,phi
0.005590869852066368,9.98998812541775,1.5707963267948966,-1.5707963267948966
0.01118314408167494,9.979952503350692,1.5707963267948966,-1.5707963267948966
0.016776829558697273,9.969893136338053,1.5707963267948966,-1.5707963267948966
0.022371933191266086,9.959810026945506,1.5707963267948966,-1.5707963267948966
0.027968461926086943,9.949703177765434,1.5707963267948966,-1.5707963267948966
0.033566422748752975,9.93957259141719,1.5707963267948966,-1.5707963267948966
0.039165822684062684,9.92941827054737,1.5707963267948966,-1.5707963267948966
0.04476666879634089,9.919240217830062,1.5707963267948966,-1.5707963267948966
0.050368968189762796,9.909038435967139,1.5707963267948966,-1.5707963267948966
0.055972728008681256,9.898812927688518,1.5707963267948966,-1.5707963267948966
0.061577955437957285,9.888563695752438,1.5707963267948966,-1.5707963267948966
0.06718465770329385,9.878290742945744,1.5707963267948966,-1.5707963267948966
0.0727928420715729,9.867994072084164,1.5707963267948966,-1.5707963267948966
0.07840251585119586,9.857673686012596,1.5707963267948966,-1.5707963267948966
0.0840136863924274,9.847329587605396,1.5707963267948966,-1.5707963267948966
0.08962636108774273,9.836961779766664,1.5707963267948966,-1.5707963267948966
0.09524054737217824,9.826570265430545,1.5707963267948966,-1.5707963267948966
0.10085625272368581,9.816155047561521,1.5707963267948966,-1.5707963267948966
0.10647348466349056,9.805716129154712,1.5707963267948966,-1.5707963267948966
0.11209225075645221,9.79525351323618,1.5707963267948966,-1.5707963267948966
0.11771255861143017,9.784767202863232,1.5707963267948966,-1.5707963267948966
0.12333441588165214,9.774257201124733,1.5707963267948966,-1.5707963267948966
0.1289578302650867,9.763723511141418,1.5707963267948966,-1.5707963267948966
0.1345828095048194,9.753166136066202,1.5707963267948966,-1.5707963267948966
0.1402093613894329,9.74258507908451,1.5707963267948966,-1.5707963267948966
0.14583749375339078,9.73198034341459,1.5707963267948966,-1.5707963267948966
0.15146721447742545,9.721351932307844,1.5707963267948966,-1.5707963267948966
0.15709853148892994,9.710699849049155,1.5707963267948966,-1.5707963267948966
0.16273145276235368,9.70002409695722,1.5707963267948966,-1.5707963267948966
0.16836598631960242,9.68932467938489,1.5707963267948966,-1.5707963267948966
0.17400214023044216,9.678601599719505,1.5707963267948966,-1.5707963267948966
0.17963992261290734,9.667854861383239,1.5707963267948966,-1.5707963267948966
0.18527934163371323,9.657084467833448,1.5707963267948966,-1.5707963267948966
0.1909204055086726,9.64629042256302,1.5707963267948966,-1.5707963267948966
0.19656312250311658,9.635472729100732,1.5707963267948966,-1.5707963267948966
0.20220750093232015,9.624631391011604,1.5707963267948966,-1.5707963267948966
0.20785354916193183,9.613766411897267,1.5707963267948966,-1.5707963267948966
0.21350127560840798,9.602877795396322,1.5707963267948966,-1.5707963267948966
0.21915068873945162,9.591965545184719,1.5707963267948966,-1.5707963267948966
0.22480179707445586,9.58102966497612,1.5707963267948966,-1.5707963267948966
0.23045460918495192,9.570070158522284,1.5707963267948966,-1.5707963267948966
0.236109133695062,9.559087029613453,1.5707963267948966,-1.5707963267948966
0.24176537928195688,9.548080282078725,1.5707963267948966,-1.5707963267948966
0.2474233546763182,9.537049919786458,1.5707963267948966,-1.5707963267948966
0.253083068662806,9.525995946644658,1.5707963267948966,-1.5707963267948966
0.2587445300805307,9.514918366601375,1.5707963267948966,-1.5707963267948966
0.2644077478235309,9.503817183645115,1.5707963267948966,-1.5707963267948966
0.27007273084125516,9.492692401805238,1.5707963267948966,-1.5707963267948966
0.27573948813905014,9.481544025152376,1.5707963267948966,-1.5707963267948966
0.2814080287786531,9.470372057798848,1.5707963267948966,-1.5707963267948966
0.28707836187869007,9.459176503899078,1.5707963267948966,-1.5707963267948966
0.29275049661517916,9.447957367650027,1.5707963267948966,-1.5707963267948966
0.2984244422220396,9.436714653291615,1.5707963267948966,-1.5707963267948966
0.30410020799160614,9.425448365107163,1.5707963267948966,-1.5707963267948966
0.30977780327514887,9.414158507423828,1.5707963267948966,-1.5707963267948966
0.3154572374833989,9.40284508461305,1.5707963267948966,-1.5707963267948966
0.32113852008707955,9.391508101090999,1.5707963267948966,-1.5707963267948966
0.32682166061744367,9.380147561319031,1.5707963267948966,-1.5707963267948966
0.33250666866681644,9.36876346980415,1.5707963267948966,-1.5707963267948966
0.3381935538891444,9.357355831099467,1.5707963267948966,-1.5707963267948966
0.3438823260005503,9.345924649804669,1.5707963267948966,-1.5707963267948966
0.3495729947798942,9.3344699305665,1.5707963267948966,-1.5707963267948966
0.35526557006934073,9.322991678079239,1.5707963267948966,-1.5707963267948966
0.3609600617749326,9.31148989708518,1.5707963267948966,-1.5707963267948966
0.3666564798671705,9.299964592375128,1.5707963267948966,-1.5707963267948966
0.37235483438159905,9.288415768788893,1.5707963267948966,-1.5707963267948966
0.3780551354194002,9.276843431215793,1.5707963267948966,-1.5707963267948966
0.38375739314799223,9.26524758459516,1.5707963267948966,-1.5707963267948966
0.38946161780163585,9.253628233916855,1.5707963267948966,-1.5707963267948966
0.39516781968204734,9.241985384221781,1.5707963267948966,-1.5707963267948966
0.4008760091590182,9.230319040602415,1.5707963267948966,-1.5707963267948966
0.4065861966710419,9.218629208203335,1.5707963267948966,-1.5707963267948966
0.41229839272594765,9.206915892221755,1.5707963267948966,-1.5707963267948966
0.41801260790154154,9.195179097908067,1.5707963267948966,-1.5707963267948966
0.42372885284625456,9.183418830566394,1.5707963267948966,-1.5707963267948966
0.4294471382797983,9.171635095555141,1.5707963267948966,-1.5707963267948966
0.4351674749938281,9.159827898287556,1.5707963267948966,-1.5707963267948966
0.4408898738526133,9.1479972442323,1.5707963267948966,-1.5707963267948966
0.446614345793716,9.136143138914019,1.5707963267948966,-1.5707963267948966
0.45234090182867664,9.12426558791392,1.5707963267948966,-1.5707963267948966
0.45806955304370817,9.112364596870368,1.5707963267948966,-1.5707963267948966
0.46380031060039784,9.100440171479471,1.5707963267948966,-1.5707963267948966
0.46953318573641717,9.088492317495687,1.5707963267948966,-1.5707963267948966
0.4752681897662402,9.076521040732421,1.5707963267948966,-1.5707963267948966
0.4810053340818698,9.064526347062653,1.5707963267948966,-1.5707963267948966
0.48674463015357294,9.052508242419547,1.5707963267948966,-1.5707963267948966
0.49248608953062384,9.040466732797086,1.5707963267948966,-1.5707963267948966
0.4982297238420562,9.028401824250707,1.5707963267948966,-1.5707963267948966
0.5039755447974243,9.016313522897944,1.5707963267948966,-1.5707963267948966
0.5097235641875729,9.004201834919076,1.5707963267948966,-1.5707963267948966
0.5154737938854156,8.99206676655779,1.5707963267948966,-1.5707963267948966
0.5212262458467235,8.979908324121839,1.5707963267948966,-1.5707963267948966
0.5269809321109225,8.967726513983722,1.5707963267948966,-1.5707963267948966
0.5327378648018997,8.955521342581363,1.5707963267948966,-1.5707963267948966
0.53849705612882,8.943292816418799,1.5707963267948966,-1.5707963267948966
0.5442585183869524,8.931040942066879,1.5707963267948966,-1.5707963267948966
0.5500222639585053,8.918765726163969,1.5707963267948966,-1.5707963267948966
0.5557883053134729,8.906467175416662,1.5707963267948966,-1.5707963267948966
0.5615566550104908,8.894145296600504,1.5707963267948966,-1.5707963267948966
0.5673273256977025,8.881800096560726,1.5707963267948966,-1.5707963267948966
0.573100330113636,8.869431582212975,1.5707963267948966,-1.5707963267948966
0.5788756810880908,8.85703976054407,1.5707963267948966,-1.5707963267948966
0.5846533915430362,8.844624638612757,1.5707963267948966,-1.5707963267948966
0.5904334744935197,8.832186223550467,1.5707963267948966,-1.5707963267948966
0.596215943048587,8.8197245225621,1.5707963267948966,-1.5707963267948966
0.6020008104122134,8.807239542926803,1.5707963267948966,-1.5707963267948966
0.6077880898842454,8.794731291998769,1.5707963267948966,-1.5707963267948966
0.6135777948613549,8.78219977720803,1.5707963267948966,-1.5707963267948966
0.6193699388380052,8.769645006061275,1.5707963267948966,-1.5707963267948966
0.6251645354074278,8.757066986142673,1.5707963267948966,-1.5707963267948966
0.6309615982626121,8.744465725114702,1.5707963267948966,-1.5707963267948966
0.6367611411973072,8.731841230718988,1.5707963267948966,-1.5707963267948966
0.6425631781070356,8.719193510777163,1.5707963267948966,-1.5707963267948966
0.6483677229901199,8.706522573191721,1.5707963267948966,-1.5707963267948966
0.6541747899487226,8.693828425946892,1.5707963267948966,-1.5707963267948966
0.6599843931898979,8.681111077109525,1.5707963267948966,-1.5707963267948966
0.6657965470266572,8.668370534829982,1.5707963267948966,-1.5707963267948966
0.6716112658790484,8.655606807343043,1.5707963267948966,-1.5707963267948966
0.6774285642752476,8.642819902968814,1.5707963267948966,-1.5707963267948966
0.6832484568526656,8.630009830113664,1.5707963267948966,-1.5707963267948966
0.6890709583590676,8.617176597271158,1.5707963267948966,-1.5707963267948966
0.6948960836537078,8.604320213023,1.5707963267948966,-1.5707963267948966
0.7007238477084776,8.591440686040002,1.5707963267948966,-1.5707963267948966
0.7065542656090689,8.578538025083054,1.5707963267948966,-1.5707963267948966
0.7123873525561519,8.565612239004103,1.5707963267948966,-1.5707963267948966
0.7182231238665685,8.552663336747157,1.5707963267948966,-1.5707963267948966
0.7240615949745399,8.539691327349288,1.5707963267948966,-1.5707963267948966
0.7299027814328912,8.526696219941655,1.5707963267948966,-1.5707963267948966
0.7357466989142901,8.513678023750536,1.5707963267948966,-1.5707963267948966
0.7415933632125029,8.500636748098376,1.5707963267948966,-1.5707963267948966
0.7474427902436662,8.487572402404846,1.5707963267948966,-1.5707963267948966
0.7532949960475748,8.474484996187911,1.5707963267948966,-1.5707963267948966
0.7591499967889868,8.461374539064927,1.5707963267948966,-1.5707963267948966
0.7650078087589456,8.448241040753725,1.5707963267948966,-1.5707963267948966
0.7708684483761191,8.435084511073736,1.5707963267948966,-1.5707963267948966
0.7767319321881565,8.42190495994711,1.5707963267948966,-1.5707963267948966
0.7825982768730623,8.408702397399862,1.5707963267948966,-1.5707963267948966
0.7884674992405896,8.395476833563025,1.5707963267948966,-1.5707963267948966
0.7943396162336507,8.38222827867382,1.5707963267948966,-1.5707963267948966
0.8002146449297468,8.368956743076838,1.5707963267948966,-1.5707963267948966
0.8060926025424168,8.355662237225243,1.5707963267948966,-1.5707963267948966
0.8119735064227046,8.342344771681985,1.5707963267948966,-1.5707963267948966
0.8178573740606474,8.329004357121027,1.5707963267948966,-1.5707963267948966
0.8237442230867821,8.315641004328597,1.5707963267948966,-1.5707963267948966
0.8296340712736732,8.302254724204442,1.5707963267948966,-1.5707963267948966
0.8355269365374608,8.288845527763108,1.5707963267948966,-1.5707963267948966
0.8414228369394294,8.275413426135236,1.5707963267948966,-1.5707963267948966
0.847321790687598,8.261958430568868,1.5707963267948966,-1.5707963267948966
0.8532238161383313,8.248480552430774,1.5707963267948966,-1.5707963267948966
0.8591289317979733,8.2349798032078,1.5707963267948966,-1.5707963267948966
0.8650371563245033,8.221456194508225,1.5707963267948966,-1.5707963267948966
0.8709485085292133,8.207909738063139,1.5707963267948966,-1.5707963267948966
0.87686300737841,8.194340445727843,1.5707963267948966,-1.5707963267948966
0.8827806719951388,8.180748329483258,1.5707963267948966,-1.5707963267948966
0.888701521660932,8.167133401437363,1.5707963267948966,-1.5707963267948966
0.8946255758175814,8.153495673826642,1.5707963267948966,-1.5707963267948966
0.900552854068935,8.139835159017556,1.5707963267948966,-1.5707963267948966
0.9064833761827188,8.126151869508034,1.5707963267948966,-1.5707963267948966
0.9124171620923833,8.112445817928972,1.5707963267948966,-1.5707963267948966
0.918354231898977,8.098717017045773,1.5707963267948966,-1.5707963267948966
0.924294605873045,8.08496547975989,1.5707963267948966,-1.5707963267948966
0.9302383044565545,8.071191219110394,1.5707963267948966,-1.5707963267948966
0.9361853482648475,8.05739424827556,1.5707963267948966,-1.5707963267948966
0.9421357580886206,8.043574580574484,1.5707963267948966,-1.5707963267948966
0.9480895548959337,8.029732229468708,1.5707963267948966,-1.5707963267948966
0.9540467598342459,8.015867208563876,1.5707963267948966,-1.5707963267948966
0.960007394232481,8.001979531611404,1.5707963267948966,-1.5707963267948966
0.9659714796031227,7.988069212510185,1.5707963267948966,-1.5707963267948966
0.9719390376443389,7.974136265308299,1.5707963267948966,-1.5707963267948966
0.977910090242137,7.960180704204761,1.5707963267948966,-1.5707963267948966
0.9838846594725503,7.946202543551284,1.5707963267948966,-1.5707963267948966
0.989862767603855,7.932201797854067,1.5707963267948966,-1.5707963267948966
0.9958444370988203,7.91817848177561,1.5707963267948966,-1.5707963267948966
1.0018296906169903,7.904132610136547,1.5707963267948966,-1.5707963267948966
1.0078185510169995,7.890064197917516,1.5707963267948966,-1.5707963267948966
1.0138110413589212,7.875973260261036,1.5707963267948966,-1.5707963267948966
1.0198071849066517,7.861859812473426,1.5707963267948966,-1.5707963267948966
1.0258070051303279,7.847723870026741,1.5707963267948966,-1.5707963267948966
1.0318105257087808,7.833565448560734,1.5707963267948966,-1.5707963267948966
1.037817770532026,7.819384563884851,1.5707963267948966,-1.5707963267948966
1.0438287637037893,7.8051812319802485,1.5707963267948966,-1.5707963267948966
1.0498435295440713,7.790955469001835,1.5707963267948966,-1.5707963267948966
1.0558620925917497,7.77670729128035,1.5707963267948966,-1.5707963267948966
1.061884477607219,7.762436715324462,1.5707963267948966,-1.5707963267948966
1.0679107095750717,7.748143757822899,1.5707963267948966,-1.5707963267948966
1.0739408137068183,7.733828435646614,1.5707963267948966,-1.5707963267948966
1.0799748154436484,7.719490765850965,1.5707963267948966,-1.5707963267948966
1.0860127404592335,7.7051307656779455,1.5707963267948966,-1.5707963267948966
1.092054614662572,7.6907484525584255,1.5707963267948966,-1.5707963267948966
1.098100464200878,7.67634384411444,1.5707963267948966,-1.5707963267948966
1.1041503154625123,7.661916958161498,1.5707963267948966,-1.5707963267948966
1.1102041950799604,7.647467812710932,1.5707963267948966,-1.5707963267948966
1.1162621299328537,7.632996425972271,1.5707963267948966,-1.5707963267948966
1.1223241471510383,7.618502816355656,1.5707963267948966,-1.5707963267948966
1.1283902741176917,7.603987002474284,1.5707963267948966,-1.5707963267948966
1.134460538472485,7.5894490031468855,1.5707963267948966,-1.5707963267948966
1.1405349681147967,7.574888837400242,1.5707963267948966,-1.5707963267948966
1.1466135912069746,7.560306524471732,1.5707963267948966,-1.5707963267948966
1.1526964361776495,7.545702083811918,1.5707963267948966,-1.5707963267948966
1.1587835317250996,7.53107553508717,1.5707963267948966,-1.5707963267948966
1.1648749068206685,7.5164268981823215,1.5707963267948966,-1.5707963267948966
1.1709705907122363,7.501756193203369,1.5707963267948966,-1.5707963267948966
1.177070612927745,7.487063440480207,1.5707963267948966,-1.5707963267948966
1.1831750032787807,7.472348660569399,1.5707963267948966,-1.5707963267948966
1.1892837918642112,7.4576118742569975,1.5707963267948966,-1.5707963267948966
1.1953970090738824,7.442853102561391,1.5707963267948966,-1.5707963267948966
1.2015146855923726,7.428072366736203,1.5707963267948966,-1.5707963267948966
1.207636852402808,7.413269688273231,1.5707963267948966,-1.5707963267948966
1.2137635407907386,7.39844508890542,1.5707963267948966,-1.5707963267948966
1.219894782348076,7.383598590609886,1.5707963267948966,-1.5707963267948966
1.2260306089770956,7.368730215610986,1.5707963267948966,-1.5707963267948966
1.2321710528945036,7.353839986383422,1.5707963267948966,-1.5707963267948966
1.2383161466355683,7.338927925655399,1.5707963267948966,-1.5707963267948966
1.2444659230583215,7.323994056411829,1.5707963267948966,-1.5707963267948966
1.2506204153478255,7.309038401897572,1.5707963267948966,-1.5707963267948966
1.256779657020512,7.294060985620739,1.5707963267948966,-1.5707963267948966
1.262943681928592,7.279061831356029,1.5707963267948966,-1.5707963267948966
1.2691125242645371,7.264040963148127,1.5707963267948966,-1.5707963267948966
1.2752862185656366,7.248998405315145,1.5707963267948966,-1.5707963267948966
1.2814647997186293,7.233934182452114,1.5707963267948966,-1.5707963267948966
1.2876483029644117,7.218848319434531,1.5707963267948966,-1.5707963267948966
1.2938367639028265,7.203740841421954,1.5707963267948966,-1.5707963267948966
1.3000302184975299,7.188611773861658,1.5707963267948966,-1.5707963267948966
1.3062287030809407,7.173461142492335,1.5707963267948966,-1.5707963267948966
1.312432254359274,7.158288973347858,1.5707963267948966,-1.5707963267948966
1.3186409094176577,7.143095292761097,1.5707963267948966,-1.5707963267948966
1.3248547057253386,7.127880127367792,1.5707963267948966,-1.5707963267948966
1.331073681140975,7.112643504110487,1.5707963267948966,-1.5707963267948966
1.3372978739180201,7.09738545024252,1.5707963267948966,-1.5707963267948966
1.3435273227101985,7.082105993332074,1.5707963267948966,-1.5707963267948966
1.3497620665770749,7.066805161266292,1.5707963267948966,-1.5707963267948966
1.356002144989721,7.051482982255451,1.5707963267948966,-1.5707963267948966
1.362247597836479,7.036139484837198,1.5707963267948966,-1.5707963267948966
1.3684984654288246,7.020774697880857,1.5707963267948966,-1.5707963267948966
1.374754788507334,7.005388650591796,1.5707963267948966,-1.5707963267948966
1.381016608247753,6.98998137251586,1.5707963267948966,-1.5707963267948966
1.3872839662671745,6.974552893543877,1.5707963267948966,-1.5707963267948966
1.3935569046303222,6.95910324391623,1.5707963267948966,-1.5707963267948966
1.3998354658559473,6.9436324542275,1.5707963267948966,-1.5707963267948966
1.406119692923337,6.928140555431178,1.5707963267948966,-1.5707963267948966
1.4124096292789394,6.912627578844456,1.5707963267948966,-1.5707963267948966
1.418705318843106,6.897093556153085,1.5707963267948966,-1.5707963267948966
1.4250068060169552,6.881538519416315,1.5707963267948966,-1.5707963267948966
1.4313141356893577,6.865962501071905,1.5707963267948966,-1.5707963267948966
1.4376273532440496,6.850365533941221,1.5707963267948966,-1.5707963267948966
1.4439465045668718,6.834747651234401,1.5707963267948966,-1.5707963267948966
1.4502716360531427,6.819108886555612,1.5707963267948966,-1.5707963267948966
1.4566027946151632,6.8034492739083845,1.5707963267948966,-1.5707963267948966
1.4629400276898594,6.787768847701032,1.5707963267948966,-1.5707963267948966
1.4692833832465662,6.772067642752154,1.5707963267948966,-1.5707963267948966
1.4756329097949512,6.756345694296231,1.5707963267948966,-1.5707963267948966
1.481988656393088,6.7406030379893025,1.5707963267948966,-1.5707963267948966
1.4883506726556768,6.7248397099147414,1.5707963267948966,-1.5707963267948966
1.4947190087624176,6.7090557465891125,1.5707963267948966,-1.5707963267948966
1.5010937154665411,6.693251184968133,1.5707963267948966,-1.5707963267948966
1.507474844103497,6.6774260624527235,1.5707963267948966,-1.5707963267948966
1.5138624465998067,6.661580416895155,1.5707963267948966,-1.5707963267948966
1.5202565754820825,6.645714286605299,1.5707963267948966,-1.5707963267948966
1.5266572838862167,6.62982771035698,1.5707963267948966,-1.5707963267948966
1.5330646255667457,6.613920727394419,1.5707963267948966,-1.5707963267948966
1.5394786549063924,6.597993377438795,1.5707963267948966,-1.5707963267948966
1.5458994269257893,6.5820457006949065,1.5707963267948966,-1.5707963267948966
1.5523269972933906,6.566077737857944,1.5707963267948966,-1.5707963267948966
1.558761422335573,6.550089530120367,1.5707963267948966,-1.5707963267948966
1.5652027590469322,6.5340811191789046,1.5707963267948966,-1.5707963267948966
1.571651065100779,6.518052547241659,1.5707963267948966,-1.5707963267948966
1.5781063988598396,6.5020038570353345,1.5707963267948966,-1.5707963267948966
1.5845688193871657,6.48593509181258,1.5707963267948966,-1.5707963267948966
1.5910383864572561,6.469846295359459,1.5707963267948966,-1.5707963267948966
1.5975151605673996,6.453737512003035,1.5707963267948966,-1.5707963267948966
1.6039992029492403,6.43760878661909,1.5707963267948966,-1.5707963267948966
1.6104905755805725,6.421460164639969,1.5707963267948966,-1.5707963267948966
1.6169893411973708,6.405291692062556,1.5707963267948966,-1.5707963267948966
1.623495563306059,6.389103415456379,1.5707963267948966,-1.5707963267948966
1.6300093061960268,6.372895381971859,1.5707963267948966,-1.5707963267948966
1.6365306349523965,6.356667639348692,1.5707963267948966,-1.5707963267948966
1.6430596154690487,6.340420235924372,1.5707963267948966,-1.5707963267948966
1.6495963144619112,6.324153220642862,1.5707963267948966,-1.5707963267948966
1.6561407994825195,6.307866643063408,1.5707963267948966,-1.5707963267948966
1.6626931389318524,6.291560553369503,1.5707963267948966,-1.5707963267948966
1.669253402074454,6.2752350023780075,1.5707963267948966,-1.5707963267948966
1.6758216590528434,6.2588900415484225,1.5707963267948966,-1.5707963267948966
1.6823979809022247,6.242525722992319,1.5707963267948966,-1.5707963267948966
1.6889824395655004,6.226142099482935,1.5707963267948966,-1.5707963267948966
1.695575107908599,6.209739224464931,1.5707963267948966,-1.5707963267948966
1.7021760597361215,6.19331715206432,1.5707963267948966,-1.5707963267948966
1.7087853698073177,6.176875937098564,1.5707963267948966,-1.5707963267948966
1.7154031138523984,6.16041563508685,1.5707963267948966,-1.5707963267948966
1.7220293685891934,6.143936302260539,1.5707963267948966,-1.5707963267948966
1.7286642117401627,6.127437995573803,1.5707963267948966,-1.5707963267948966
1.7353077220497704,6.110920772714444,1.5707963267948966,-1.5707963267948966
1.7419599793022316,6.0943846921149,1.5707963267948966,-1.5707963267948966
1.7486210643396403,6.077829812963454,1.5707963267948966,-1.5707963267948966
1.7552910590804884,6.061256195215628,1.5707963267948966,-1.5707963267948966
1.7619700465385866,6.044663899605785,1.5707963267948966,-1.5707963267948966
1.7686581108423967,6.028052987658938,1.5707963267948966,-1.5707963267948966
1.7753553372547866,6.0114235217027625,1.5707963267948966,-1.5707963267948966
1.7820618121932188,5.994775564879824,1.5707963267948966,-1.5707963267948966
1.7887776232503836,5.97810918116003,1.5707963267948966,-1.5707963267948966
1.7955028592152888,5.961424435353295,1.5707963267948966,-1.5707963267948966
1.8022376100948188,5.944721393122439,1.5707963267948966,-1.5707963267948966
1.8089819671357728,5.928000120996317,1.5707963267948966,-1.5707963267948966
1.8157360228473989,5.91126068638318,1.5707963267948966,-1.5707963267948966
1.8224998710244338,5.894503157584286,1.5707963267948966,-1.5707963267948966
1.8292736067706639,5.87772760380775,1.5707963267948966,-1.5707963267948966
1.8360573265230202,5.860934095182647,1.5707963267948966,-1.5707963267948966
1.842851128076223,5.844122702773378,1.5707963267948966,-1.5707963267948966
1.8496551106079901,5.827293498594287,1.5707963267948966,-1.5707963267948966
1.8564693747048253,5.810446555624558,1.5707963267948966,-1.5707963267948966
1.8632940223884003,5.793581947823375,1.5707963267948966,-1.5707963267948966
1.8701291571425505,5.776699750145367,1.5707963267948966,-1.5707963267948966
1.8769748839408977,5.759800038556337,1.5707963267948966,-1.5707963267948966
1.8838313092751198,5.74288289004928,1.5707963267948966,-1.5707963267948966
1.8906985411838835,5.725948382660702,1.5707963267948966,-1.5707963267948966
1.8975766892824615,5.7089965954872355,1.5707963267948966,-1.5707963267948966
1.9044658647930492,5.692027608702576,1.5707963267948966,-1.5707963267948966
1.911366180575805,5.675041503574723,1.5707963267948966,-1.5707963267948966
1.9182777511606317,5.658038362483554,1.5707963267948966,-1.5707963267948966
1.925200692779721,5.6410182689387245,1.5707963267948966,-1.5707963267948966
1.9321351234008848,5.623981307597905,1.5707963267948966,-1.5707963267948966
1.9390811627616922,5.606927564285366,1.5707963267948966,-1.5707963267948966
1.9460389324044394,5.589857126010911,1.5707963267948966,-1.5707963267948966
1.9530085557119734,5.5727700809891765,1.5707963267948966,-1.5707963267948966
1.959990157944397,5.555666518659288,1.5707963267948966,-1.5707963267948966
1.9669838662766794,5.5385465297049095,1.5707963267948966,-1.5707963267948966
1.9739898098371988,5.5214102060746555,1.5707963267948966,-1.5707963267948966
1.9810081197472464,5.504257641002917,1.5707963267948966,-1.5707963267948966
1.9880389291615184,5.487088929031073,1.5707963267948966,-1.5707963267948966
1.9950823733096266,5.46990416602912,1.5707963267948966,-1.5707963267948966
2.0021385895386574,5.452703449217717,1.5707963267948966,-1.5707963267948966
2.0092077173568117,5.435486877190664,1.5707963267948966,-1.5707963267948966
2.016289898478157,5.418254549937812,1.5707963267948966,-1.5707963267948966
2.0233852768685288,5.401006568868424,1.5707963267948966,-1.5707963267948966
2.03049399879261,5.383743036834998,1.5707963267948966,-1.5707963267948966
2.0376162128622326,5.36646405815755,1.5707963267948966,-1.5707963267948966
2.0447520700859343,5.3491697386483805,1.5707963267948966,-1.5707963267948966
2.051901723919807,5.331860185637333,1.5707963267948966,-1.5707963267948966
2.0590653303196857,5.314535507997546,1.5707963267948966,-1.5707963267948966
2.0662430477947087,5.2971958161717225,1.5707963267948966,-1.5707963267948966
2.073435037462303,5.2798412221989235,1.5707963267948966,-1.5707963267948966
2.080641463104633,5.262471839741893,1.5707963267948966,-1.5707963267948966
2.087862491226559,5.245087784114931,1.5707963267948966,-1.5707963267948966
2.0950982911151605,5.227689172312336,1.5707963267948966,-1.5707963267948966
2.1023490349008656,5.2102761230374055,1.5707963267948966,-1.5707963267948966
2.109614897620243,5.192848756732036,1.5707963267948966,-1.5707963267948966
2.1168960572805138,5.175407195606916,1.5707963267948966,-1.5707963267948966
2.124192694925829,5.157951563672337,1.5707963267948966,-1.5707963267948966
2.1315049947053835,5.140481986769629,1.5707963267948966,-1.5707963267948966
2.1388331439434145,5.122998592603241,1.5707963267948966,-1.5707963267948966
2.1461773332111584,5.105501510773481,1.5707963267948966,-1.5707963267948966
2.1535377564008207,5.087990872809925,1.5707963267948966,-1.5707963267948966
2.160914610801633,5.070466812205521,1.5707963267948966,-1.5707963267948966
2.168308097178067,5.052929464451391,1.5707963267948966,-1.5707963267948966
2.1757184198502744,5.035378967072361,1.5707963267948966,-1.5707963267948966
2.1831457867768314,5.017815459663231,1.5707963267948966,-1.5707963267948966
2.1905904096398667,5.000239083925792,1.5707963267948966,-1.5707963267948966
2.1980525039326535,4.982649983706633,1.5707963267948966,-1.5707963267948966
2.2055322890497497,4.965048305035726,1.5707963267948966,-1.5707963267948966
2.2130299883797795,4.947434196165834,1.5707963267948966,-1.5707963267948966
2.2205458294009417,4.929807807612748,1.5707963267948966,-1.5707963267948966
2.228080043779346,4.912169292196369,1.5707963267948966,-1.5707963267948966
2.235632867470276,4.894518805082674,1.5707963267948966,-1.5707963267948966
2.243204540822478,4.876856503826566,1.5707963267948966,-1.5707963267948966
2.2507953086855914,4.859182548415645,1.5707963267948966,-1.5707963267948966
2.258405420520829,4.841497101314909,1.5707963267948966,-1.5707963267948966
2.2660351305150224,4.823800327512424,1.5707963267948966,-1.5707963267948966
2.2736846976981595,4.806092394565973,1.5707963267948966,-1.5707963267948966
2.2813543860645393,4.788373472650715,1.5707963267948966,-1.5707963267948966
2.2890444646976755,4.770643734607871,1.5707963267948966,-1.5707963267948966
2.296755207899089,4.7529033559944756,1.5707963267948966,-1.5707963267948966
2.304486895321136,4.7351525151342075,1.5707963267948966,-1.5707963267948966
2.312239812104015,4.717391393169335,1.5707963267948966,-1.5707963267948966
2.3200142490171185,4.699620174113799,1.5707963267948966,-1.5707963267948966
2.327810502604889,4.681839044907457,1.5707963267948966,-1.5707963267948966
2.3356288753373504,4.664048195471537,1.5707963267948966,-1.5707963267948966
2.343469675765494,4.646247818765301,1.5707963267948966,-1.5707963267948966
2.351333218681709,4.628438110843979,1.5707963267948966,-1.5707963267948966
2.3592198252854484,4.610619270917989,1.5707963267948966,-1.5707963267948966
2.367129823354336,4.592791501413469,1.5707963267948966,-1.5707963267948966
2.37506354742093,4.574955008034176,1.5707963267948966,-1.5707963267948966
2.38302133895536,4.557109999824767,1.5707963267948966,-1.5707963267948966
2.3910035465540815,4.539256689235505,1.5707963267948966,-1.5707963267948966
2.3990105261349775,4.521395292188432,1.5707963267948966,-1.5707963267948966
2.4070426411390753,4.503526028145028,1.5707963267948966,-1.5707963267948966
2.41510026273914,4.485649120175419,1.5707963267948966,-1.5707963267948966
2.4231837700554237,4.467764795029157,1.5707963267948966,-1.5707963267948966
2.431293550378867,4.44987328320761,1.5707963267948966,-1.5707963267948966
2.439429999402056,4.431974819038024,1.5707963267948966,-1.5707963267948966
2.4475935214582596,4.414069640749274,1.5707963267948966,-1.5707963267948966
2.4557845297688856,4.396157990549366,1.5707963267948966,-1.5707963267948966
2.464003446699704,4.3782401147047345,1.5707963267948966,-1.5707963267948966
2.4722507040262127,4.360316263621373,1.5707963267948966,-1.5707963267948966
2.4805267432085376,4.3423866919278495,1.5707963267948966,-1.5707963267948966
2.4888320156762673,4.324451658560263,1.5707963267948966,-1.5707963267948966
2.497166983123662,4.306511426849184,1.5707963267948966,-1.5707963267948966
2.505532117815677,4.288566264608635,1.5707963267948966,-1.5707963267948966
2.5139279029052837,4.270616444227164,1.5707963267948966,-1.5707963267948966
2.52235483276258,4.252662242761067,1.5707963267948966,-1.5707963267948966
2.5308134133162135,4.234703942029819,1.5707963267948966,-1.5707963267948966
2.5393041624076704,4.216741828713765,1.5707963267948966,-1.5707963267948966
2.547827610159009,4.198776194454141,1.5707963267948966,-1.5707963267948966
2.5563842993546424,4.180807335955484,1.5707963267948966,-1.5707963267948966
2.56497478583782,4.162835555090485,1.5707963267948966,-1.5707963267948966
2.573599638922475,4.144861159007376,1.5707963267948966,-1.5707963267948966
2.5822594418211557,4.1268844602398875,1.5707963267948966,-1.5707963267948966
2.590954792089786,4.1089057768198725,1.5707963267948966,-1.5707963267948966
2.5996863020900536,4.090925432392656,1.5707963267948966,-1.5707963267948966
2.6084545994702495,4.072943756335188,1.5707963267948966,-1.5707963267948966
2.6172603276654516,4.054961083877073,1.5707963267948966,-1.5707963267948966
2.62610414641797,4.036977756224565,1.5707963267948966,-1.5707963267948966
2.6349867323190437,4.018994120687593,1.5707963267948966,-1.5707963267948966
2.643908779372823,4.0010105308099195,1.5707963267948966,-1.5707963267948966
2.6528709995837323,3.9830273465024972,1.5707963267948966,-1.5707963267948966
2.6618741235683743,3.9650449341801353,1.5707963267948966,-1.5707963267948966
2.6709189011932,3.9470636669015478,1.5707963267948966,-1.5707963267948966
2.6800061022392416,3.9290839245128883,1.5707963267948966,-1.5707963267948966
2.6891365170952835,3.911106093794867,1.5707963267948966,-1.5707963267948966
2.6983109574809236,3.8931305686135467,1.5707963267948966,-1.5707963267948966
2.7075302572010687,3.875157750074924,1.5707963267948966,-1.5707963267948966
2.7167952729334974,3.8571880466834028,1.5707963267948966,-1.5707963267948966
2.7261068850512244,3.839221874504265,1.5707963267948966,-1.5707963267948966
2.7354659984815046,3.8212596573302586,1.5707963267948966,-1.5707963267948966
2.7448735436034335,3.8033018268524112,1.5707963267948966,-1.5707963267948966
2.754330477186214,3.7853488228351972,1.5707963267948966,-1.5707963267948966
2.763837783370299,3.767401093296178,1.5707963267948966,-1.5707963267948966
2.7733964746937514,3.7494590946902417,1.5707963267948966,-1.5707963267948966
2.783007593166318,3.7315232920985806,1.5707963267948966,-1.5707963267948966
2.7926722113938705,3.7135941594225326,1.5707963267948966,-1.5707963267948966
2.8023914337560427,3.6956721795824374,1.5707963267948966,-1.5707963267948966
2.8121663976400764,3.677757844721644,1.5707963267948966,-1.5707963267948966
2.821998274734089,3.6598516564158223,1.5707963267948966,-1.5707963267948966
2.83188827238319,3.641954125887733,1.5707963267948966,-1.5707963267948966
2.8418376350121033,3.6240657742276134,1.5707963267948966,-1.5707963267948966
2.8518476456182054,3.606187132619345,1.5707963267948966,-1.5707963267948966
2.861919627339152,3.58831874257257,1.5707963267948966,-1.5707963267948966
2.8720549450995594,3.5704611561609343,1.5707963267948966,-1.5707963267948966
2.882255007341518,3.5526149362666346,1.5707963267948966,-1.5707963267948966
2.8925212678440544,3.534780656831461,1.5707963267948966,-1.5707963267948966
2.90285522763702,3.5169589031145216,1.5707963267948966,-1.5707963267948966
2.913258437015284,3.4991502719568546,1.5707963267948966,-1.5707963267948966
2.9237324976595325,3.4813553720531285,1.5707963267948966,-1.5707963267948966
2.9342790648704415,3.463574824230647,1.5707963267948966,-1.5707963267948966
2.944899849923494,3.445809261735877,1.5707963267948966,-1.5707963267948966
2.9555966225522528,3.428059330528726,1.5707963267948966,-1.5707963267948966
2.9663712135685025,3.4103256895848078,1.5707963267948966,-1.5707963267948966
2.9772255176283102,3.3926090112059373,1.5707963267948966,-1.5707963267948966
2.988161496153758,3.374909981339106,1.5707963267948966,-1.5707963267948966
2.999181180420867,3.3572292999042017,1.5707963267948966,-1.5707963267948966
3.0102866748250623,3.3395676811307387,1.5707963267948966,-1.5707963267948966
3.0214801603364387,3.3219258539038847,1.5707963267948966,-1.5707963267948966
3.0327638981580756,3.3043045621200666,1.5707963267948966,-1.5707963267948966
3.0441402336017394,3.286704565052463,1.5707963267948966,-1.5707963267948966
3.0556116001964946,3.2691266377266905,1.5707963267948966,-1.5707963267948966
3.0671805240470444,3.251571571307011,1.5707963267948966,-1.5707963267948966
3.0788496284600515,3.234040173493391,1.5707963267948966,-1.5707963267948966
3.090621638858247,3.216533268929771,1.5707963267948966,-1.5707963267948966
3.1024993880038614,3.1990516996238965,1.5707963267948966,-1.5707963267948966
3.1144858215547986,3.181596325379095,1.5707963267948966,-1.5707963267948966
3.1265840039790542,3.1641680242383914,1.5707963267948966,-1.5707963267948966
3.1387971248551807,3.1467676929413657,1.5707963267948966,-1.5707963267948966
3.15112850558913,3.129396247394183,1.5707963267948966,-1.5707963267948966
3.1635816065806086,3.1120546231532393,1.5707963267948966,-1.5707963267948966
3.1761600348751746,3.094743775922881,1.5707963267948966,-1.5707963267948966
3.1888675523417445,3.07746468206769,1.5707963267948966,-1.5707963267948966
3.2017080844189776,3.0602183391398343,1.5707963267948966,-1.5707963267948966
3.2146857294782456,3.043005766422015,1.5707963267948966,-1.5707963267948966
3.2278047688555924,3.0258280054865625,1.5707963267948966,-1.5707963267948966
3.2410696776103336,3.0086861207712645,1.5707963267948966,-1.5707963267948966
3.254485136073795,2.9915812001725377,1.5707963267948966,-1.5707963267948966
3.268056042258219,2.97451435565658,1.5707963267948966,-1.5707963267948966
3.2817875252031774,2.957486723889181,1.5707963267948966,-1.5707963267948966
3.2956849593450213,2.940499466884903,1.5707963267948966,-1.5707963267948966
3.3097539800040967,2.923553772676381,1.5707963267948966,-1.5707963267948966
3.3240005000947885,2.9066508560045357,1.5707963267948966,-1.5707963267948966
3.3384307281751036,2.8897919590305414,1.5707963267948966,-1.5707963267948966
3.3530511879656415,2.872978352070443,1.5707963267948966,-1.5707963267948966
3.3678687394826534,2.856211334353358,1.5707963267948966,-1.5707963267948966
3.382890601946708,2.839492234804287,1.5707963267948966,-1.5707963267948966
3.3981243786475694,2.8228224128525956,1.5707963267948966,-1.5707963267948966
3.413578083967588,2.806203259267322,1.5707963267948966,-1.5707963267948966
3.4292601727906304,2.7896361970205406,1.5707963267948966,-1.5707963267948966
3.44517957255179,2.7731226821801016,1.5707963267948966,-1.5707963267948966
3.461345718215431,2.7566642048331653,1.5707963267948966,-1.5707963267948966
3.477768590506147,2.740262290042066,1.5707963267948966,-1.5707963267948966
3.4944587577598,2.7239184988341565,1.5707963267948966,-1.5707963267948966
3.5114274218108803,2.7076344292274315,1.5707963267948966,-1.5707963267948966
3.528686468389114,2.691411717293871,1.5707963267948966,-1.5707963267948966
3.5462485225639235,2.6752520382626286,1.5707963267948966,-1.5707963267948966
3.5641270098516187,2.65915710766538,1.5707963267948966,-1.5707963267948966
3.5823362236890492,2.6431286825263647,1.5707963267948966,-1.5707963267948966
3.6008914000812537,2.6271685625999015,1.5707963267948966,-1.5707963267948966
3.6198088003522657,2.6112785916584484,1.5707963267948966,-1.5707963267948966
3.639105803071239,2.5954606588345803,1.5707963267948966,-1.5707963267948966
3.658801006394695,2.5797167000206347,1.5707963267948966,-1.5707963267948966
3.678914342265301,2.564048699330181,1.5707963267948966,-1.5707963267948966
3.699467204144684,2.5484586906259477,1.5707963267948966,-1.5707963267948966
3.720482590240454,2.5329487591193813,1.5707963267948966,-1.5707963267948966
3.741985264525975,2.51752104304764,1.5707963267948966,-1.5707963267948966
3.7640019382581063,2.502177735434539,1.5707963267948966,-1.5707963267948966
3.786561475189015,2.486921085942813,1.5707963267948966,-1.5707963267948966
3.809695124263426,2.4717534028260135,1.5707963267948966,-1.5707963267948966
3.833436784317844,2.4566770549895063,1.5707963267948966,-1.5707963267948966
3.8578233061862295,2.4416944741713387,1.5707963267948966,-1.5707963267948966
3.882894838709469,2.4268081572553095,1.5707963267948966,-1.5707963267948966
3.9086952264986032,2.412020668730387,1.5707963267948966,-1.5707963267948966
3.9352724689855965,2.3973346433127904,1.5707963267948966,-1.5707963267948966
3.962679252404529,2.3827527887496,1.5707963267948966,-1.5707963267948966
3.9909735690051606,2.3682778888258302,1.5707963267948966,-1.5707963267948966
4.020219441176488,2.3539128066005603,1.5707963267948966,-1.5707963267948966
4.050487772474858,2.339660487902123,1.5707963267948966,-1.5707963267948966
4.081857353115216,2.3255239651177226,1.5707963267948966,-1.5707963267948966
4.114416054715282,2.311506361319349,1.5707963267948966,-1.5707963267948966
4.148262258564473,2.2976108947758695,1.5707963267948966,-1.5707963267948966
4.183506574241823,2.283840883911034,1.5707963267948966,-1.5707963267948966
4.220273922195182,2.270199752779417,1.5707963267948966,-1.5707963267948966
4.258706076595418,2.2566910371477054,1.5707963267948966,-1.5707963267948966
4.2989647958446024,2.243318391288194,1.5707963267948966,-1.5707963267948966
4.341235711178664,2.230085595616181,1.5707963267948966,-1.5707963267948966
4.385733204337044,2.2169965653349606,1.5707963267948966,-1.5707963267948966
4.432706591671991,2.204055360293812,1.5707963267948966,-1.5707963267948966
4.482448057473384,2.1912661963194133,1.5707963267948966,-1.5707963267948966
4.535302964680147,2.178633458354641,1.5707963267948966,-1.5707963267948966
4.591683450872269,2.1661617158384714,1.5707963267948966,-1.5707963267948966
4.652086649144195,2.153855740898199,1.5707963267948966,-1.5707963267948966
4.717119556820435,2.141720530118115,1.5707963267948966,-1.5707963267948966
4.787533688004154,2.1297613309249663,1.5707963267948966,-1.5707963267948966
4.86427451855816,2.1179836740345914,1.5707963267948966,-1.5707963267948966
4.948554002031,2.1063934140100042,1.5707963267948966,-1.5707963267948966
5.041960396414879,2.094996780914049,1.5707963267948966,-1.5707963267948966
5.1466310741239365,2.083800447517101,1.5707963267948966,-1.5707963267948966
5.265537277072018,2.072811618923958,1.5707963267948966,-1.5707963267948966
5.402980837257756,2.062038155463612,1.5707963267948966,-1.5707963267948966
5.565525548124699,2.0514887461261213,1.5707963267948966,-1.5707963267948966
5.763917414950473,2.041173158145061,1.5707963267948966,-1.5707963267948966
6.017598266619766,2.0311025795240534,1.5707963267948966,-1.5707963267948966
6.367600548291942,2.021289827639694,1.5707963267948966,-1.5707963267948966
6.927783938838268,2.0117453691161296,1.5707963267948966,-1.5707963267948966
8.309926208987958,2.0023168470594075,1.5707963267948966,-1.5707963267948966
-19.897706197893754,2.045687949174066,1.5707963267948966,-1.5707963267948966
