0.403572283176448
0.43080051204061304
0.4096140404180091
0.43080051204061304
0.41606237214887265
0.4301397005457367
0.32871223546435624
0.42297306892054004
0.4294287501536946
0.33196362800172097
0.33528641916114466
0.43041188717848067
0.42813446358385054
0.33868594660464546
0.42675621123592894
0.43845678018606155
0.3421680373161586
0.42483903944982815
0.34573905937900246
0.4228717261174072
0.34940597994709605
0.4204261011874215
0.3530699838963755
0.4175517781385299
0.3569474118537208
0.3608288458175433
0.414704903333899
0.40915814067450895
0.41150531352113523
0.3648299844131649
0.4083751364923125
0.36896105234304183
0.4049662517420597
0.37323336974167026
0.40133187489977395
0.3776594935548263
0.3975238755329237
0.38225338037266465
0.3870305744253934
0.3938826590511798
0.391842498889273
0.429245150843508
0.3901243438274037
0.3970317662619095
0.4224535154949739
0.38629055171727383
0.4022778087332363
0.4160606294092364
0.36360744276206625
0.40796453874914107
0.44348027019164377
0.410023077907637
0.38241876527541213
0.41373852294166297
0.36859349665991187
0.4328602599873163
0.40430324860683925
0.3785419436942092
0.41981358419855075
0.37378542166046147
0.42339248712370037
0.37468837036363933
0.39886841729211175
0.4262230496877189
0.3791874353956872
0.4148896516829759
0.3708816959553018
0.393481137343572
0.4330050472394933
0.4068543121096084
0.3850528670849398
0.38854627758295074
0.3995741178474398
0.39145895031029165
0.3836342618328691
0.3981908859874079
0.316584245003676
0.37910732435670425
0.39293576773150685
0.4052601965297519
0.37458604577381693
0.3196393614307202
0.3865885917108889
0.4134312463474302
0.3227367145651961
0.37023871908474554
0.4217020532932083
0.3805248949355615
0.32585678827523845
0.3660499614654655
0.43136818746160943
0.37515937178165
0.3290247042745783
0.3620060287873865
0.4417254210635215
0.36998120329048667
0.35809461238943513
0.33226234903487634
0.3649894996801431
0.35417857108328205
0.33553218035092386
0.36034328922609987
0.3388573065427771
0.35050658596454276
0.4405638020855742
0.3422405222581579
0.34693677056629363
0.4306599021360431
0.34568475821273154
0.34335305280775635
0.42175991360214476
0.34919308305732444
0.4137067721702596
0.339866755157363
0.3527599649151583
0.3364703168675012
0.40603560199910865
0.35640911357774074
0.39903860169220173
0.3331568731535611
0.36013280768659844
0.39261861839579565
0.3639350753133264
0.38644024866918925
0.3678232343522254
0.38073402705482956
0.37180635470247253
0.3754364383693871
0.37588986864463814
0.3704940737070521
0.3800799563956706
0.3843598879246558
0.36568132522363056
0.3887769821438856
0.3611682905999941
0.3569179048592647
0.39335769031665313
0.3980443294050602
0.35895826932813724
0.40287497125648497
0.40785855000709687
0.36355795190845797
0.41307884131897865
0.36830334407058685
0.418410357028838
0.37339827122757036
0.4240266900517733
0.3786706374165202
0.38436591041344326
0.4297554889846699
0.3905518199380848
0.3970091828315593
0.40407287811260206
0.4082699039369721
0.411481843156161
0.40373704090689894
0.4200555351526027
0.4291667991137296
0.43885056130418787
0.3625766965639093
0.4082699039369721
0.36736541980979126
0.40373704090689894
0.3723595206340215
0.37756285998239847
0.3832208584000086
0.38913826598257467
0.39561546502287326
0.4024161171065097
0.40991000424878216
0.4178097593542759
0.3746111361604766
0.38985435711209393
0.42612199670658213
0.4566931774278125
0.38181212536905534
0.43534799505266636
0.38957057215026375
0.445649227936146
0.3978944585780339
0.4067744376140538
0.4165919146884094
0.43845678018606155
0.42747061372077627
0.43041188717848067
0.439548193759253
0.42297306892054004
0.41606237214887265
0.4096140404180091
0.403572283176448
0.3978895065704412
0.39227607247322666
0.38721083012614876
0.3821795686879554
0.377400865255696
0.4417254210635215
0.3728483508851173
0.43136818746160943
0.3684989584577002
0.4217020532932083
0.3643324406487997
0.4134312463474302
0.360330967696158
0.35633059736074396
0.4052601965297519
0.3526223097119547
0.3981908859874079
0.3489048132576799
0.39145895031029165
0.3454375114892891
0.3850528670849398
0.4330050472394933
0.34195401002399295
0.3791874353956872
0.4262230496877189
0.37378542166046147
0.41981358419855075
0.36859349665991187
0.41373852294166297
0.36360744276206625
0.40796453874914107
0.4566931774278125
0.4022778087332363
0.38985435711209393
0.3970317662619095
0.391842498889273
0.3870305744253934
0.38225338037266465
0.3776594935548263
0.37323336974167026
0.36896105234304183
0.3648299844131649
0.3608288458175433
0.3569474118537208
0.3374003737062464
0.41943905688784083
0.3530699838963755
0.34077978800372904
0.34425584772706785
0.34940597994709605
0.3478373351982415
0.34573905937900246
0.41501209088225177
0.35140254787635783
0.3421680373161586
0.3552175918731849
0.33868594660464546
0.33528641916114466
0.35902294398285484
0.33196362800172097
0.3629617611342945
0.32871223546435624
0.3670471435675765
0.3712938032243236
0.3624135675376419
0.3757183057775518
0.3672254854205124
0.380339355990529
0.43885056130418787
0.3724282808995451
0.38496671124660514
0.4291667991137296
0.3778629187509965
0.4200555351526027
0.39003330750410714
0.38353556538477324
0.411481843156161
0.3951274247541243
0.40407287811260206
0.38972133824201893
0.4007447847227506
0.3970091828315593
0.3965077710663607
0.3905518199380848
0.406420865280305
0.4036665247061823
0.4124325495256215
0.38436591041344326
0.41121309165123077
0.4188219751396764
0.3786706374165202
0.4199849397740657
0.4256381670033745
0.37339827122757036
0.42889562083686444
0.36830334407058685
0.43293844916449625
0.43885398977176804
0.36355795190845797
0.4297554889846699
0.35895826932813724
0.4240266900517733
0.41943905688784083
0.418410357028838
0.41307884131897865
0.40785855000709687
0.40287497125648497
0.3980443294050602
0.39335769031665313
0.3887769821438856
0.3843598879246558
0.3800799563956706
0.37588986864463814
0.37180635470247253
0.3678232343522254
0.3639350753133264
0.36013280768659844
0.35640911357774074
0.3527599649151583
0.36199857807842284
0.34919308305732444
0.36672057361963445
0.34568475821273154
0.37180302799327725
0.37708284081577753
0.3422405222581579
0.3388573065427771
0.38280322289471436
0.357822018163958
0.3887697508347499
0.33553218035092386
0.3622324307878018
0.33226234903487634
0.3952797227865702
0.3290247042745783
0.3669384925175397
0.40242619597754653
0.32585678827523845
0.37178289268479814
0.4099604163773973
0.41501209088225177
0.3769801154570254
0.3227367145651961
0.41829949448294756
0.3196393614307202
0.4271462689819821
0.38234420518162315
0.3911077027972029
0.316584245003676
0.43752637458535976
0.38839487309554704
0.3947000265100212
0.4012625726356438
0.40878244207218356
0.4167006111342542
0.4254630981471206
0.4347488844341665
0.445649227936146
0.4451199088320609
0.43534799505266636
0.42612199670658213
0.4178097593542759
0.40991000424878216
0.4024161171065097
0.39561546502287326
0.38913826598257467
0.3832208584000086
0.37756285998239847
0.3911077027972029
0.3723595206340215
0.36736541980979126
0.3625766965639093
0.439548193759253
0.42747061372077627
0.4165919146884094
0.4338874327114481
0.4067744376140538
0.3978944585780339
0.38957057215026375
0.3331568731535611
0.44517160177751053
0.38181212536905534
0.3364703168675012
0.347006554242963
0.3746111361604766
0.339866755157363
0.3506537348267035
0.34335305280775635
0.35444288487885717
0.34693677056629363
0.3582331537714319
0.35050658596454276
0.36234380584255804
0.43885398977176804
0.35417857108328205
0.3664698860925573
0.42889562083686444
0.35809461238943513
0.3707870833680771
0.4199849397740657
0.3620060287873865
0.41121309165123077
0.3753175865479738
0.3660499614654655
0.3800868203000434
0.4036665247061823
0.3965077710663607
0.37023871908474554
0.38512402515447336
0.37458604577381693
0.39046296129812624
0.38972133824201893
0.37910732435670425
0.39587050566256254
0.38353556538477324
0.3836342618328691
0.3778629187509965
0.40191496755482203
0.38854627758295074
0.4080792946860929
0.3724282808995451
0.393481137343572
0.3672254854205124
0.4146905164327173
0.39886841729211175
0.31753950237119105
0.4338874327114481
0.42181330529967764
0.3624135675376419
0.40430324860683925
0.320638864108265
0.3694939799235595
0.410023077907637
0.42952447343740685
0.3734711922326592
0.32383251193342427
0.4160606294092364
0.4379158148044931
0.3775338315192163
0.3269942174771111
0.4224535154949739
0.3818973531552825
0.429245150843508
0.33025623860635595
0.38608840339257294
0.3902937614241874
0.3335788322234011
0.44517160177751053
0.33696551417040227
0.39477448195430875
0.34037410899742593
0.3989202056745498
0.3439002346548689
0.403299919978804
0.3474558944614516
0.35109190965859166
0.40756793586926254
0.43293844916449625
0.35486098449502645
0.4120556087588332
0.35867416125981
0.4159528676177316
0.4256381670033745
0.3625846328546679
0.4188219751396764
0.4199927311054373
0.3665989772324187
0.4124325495256215
0.423722156124827
0.3706773366195288
0.42754900620416636
0.406420865280305
0.4007447847227506
0.43097117503430776
0.37492199884522354
0.4344361907957829
0.3951274247541243
0.3792938491429666
0.4368640899982435
0.39003330750410714
0.3837570750892672
0.38496671124660514
0.43979206392794784
0.3884127270563233
0.380339355990529
0.4415631302059923
0.39318331271729035
0.44323851866742836
0.3757183057775518
0.3981263911349711
0.3712938032243236
0.40325602833367946
0.44480877950715125
0.40862357855575204
0.4456757988358617
0.3670471435675765
0.4141710933023264
0.3629617611342945
0.44635178983238927
0.41992694514290296
0.35902294398285484
0.44635178983238927
0.4456757988358617
0.3552175918731849
0.4259740317525474
0.44480877950715125
0.35140254787635783
0.43752637458535976
0.44323851866742836
0.3478373351982415
0.4271462689819821
0.36079426579373264
0.34425584772706785
0.4415631302059923
0.36534486062150906
0.41829949448294756
0.34077978800372904
0.43979206392794784
0.37042960427040345
0.4099604163773973
0.3374003737062464
0.4368640899982435
0.37573223978231296
0.40242619597754653
0.4344361907957829
0.4451199088320609
0.3952797227865702
0.3812578952464284
0.3873796673839648
0.43097117503430776
0.3872701364156827
0.4347488844341665
0.3887697508347499
0.42754900620416636
0.38280322289471436
0.4254630981471206
0.3938510615380889
0.423722156124827
0.40077953428446444
0.37708284081577753
0.4167006111342542
0.4199927311054373
0.40842375831775646
0.37180302799327725
0.40878244207218356
0.4159528676177316
0.36672057361963445
0.41651830584117305
0.36199857807842284
0.4255256302559575
0.4012625726356438
0.4120556087588332
0.3947000265100212
0.43512770382295013
0.40756793586926254
0.4459128074140203
0.38839487309554704
0.403299919978804
0.38234420518162315
0.3989202056745498
0.3769801154570254
0.39477448195430875
0.37178289268479814
0.3902937614241874
0.3669384925175397
0.38608840339257294
0.3622324307878018
0.3818973531552825
0.357822018163958
0.3775338315192163
0.3734711922326592
0.3694939799235595
0.3873796673839648
0.36034328922609987
0.3649894996801431
0.36998120329048667
0.37515937178165
0.3805248949355615
0.3865885917108889
0.39293576773150685
0.3995741178474398
0.43567092245248595
0.4068543121096084
0.4148896516829759
0.42339248712370037
0.4328602599873163
0.44348027019164377
0.4379158148044931
0.42952447343740685
0.42181330529967764
0.43567092245248595
0.4146905164327173
0.4080792946860929
0.40191496755482203
0.39587050566256254
0.39046296129812624
0.38512402515447336
0.3800868203000434
0.3753175865479738
0.3707870833680771
0.3664698860925573
0.36234380584255804
0.3582331537714319
0.35444288487885717
0.3506537348267035
0.347006554242963
0.4459128074140203
0.43512770382295013
0.4255256302559575
0.41651830584117305
0.40842375831775646
0.40077953428446444
0.36392564171719927
0.34195401002399295
0.3938510615380889
0.36860362934523816
0.3454375114892891
0.4143438003895853
0.3872701364156827
0.3736630658292625
0.3812578952464284
0.3489048132576799
0.4230098091349601
0.4259740317525474
0.37893806098778854
0.3526223097119547
0.37573223978231296
0.432696296725888
0.41992694514290296
0.3846799974927181
0.35633059736074396
0.37042960427040345
0.4430621558096184
0.4141710933023264
0.3906886111383779
0.360330967696158
0.36534486062150906
0.40862357855575204
0.39696616472567264
0.40325602833367946
0.3643324406487997
0.36079426579373264
0.3981263911349711
0.40384784416361963
0.3684989584577002
0.39318331271729035
0.3728483508851173
0.3884127270563233
0.377400865255696
0.4110609717251586
0.3837570750892672
0.3821795686879554
0.3792938491429666
0.38721083012614876
0.4190165053323328
0.37492199884522354
0.42738220277677946
0.39227607247322666
0.3706773366195288
0.3978895065704412
0.43666406308709294
0.3665989772324187
0.44645572496521324
0.3625846328546679
0.35867416125981
0.35486098449502645
0.35109190965859166
0.3474558944614516
0.3439002346548689
0.34037410899742593
0.33696551417040227
0.3335788322234011
0.33025623860635595
0.3641629399162958
0.3269942174771111
0.36907607088048
0.32383251193342427
0.4473460960118134
0.320638864108265
0.37439875232669373
0.31753950237119105
0.4419970657880128
0.37996741880946105
0.4368559112527185
0.3857892487852059
0.43143307403440934
0.39215102990008777
0.4262625972049417
0.39883318590307876
0.42090472772392645
0.40619047688983306
0.41582594112800747
0.41100765408497414
0.40573210065740445
0.4010973868962764
0.39640435878205166
0.3916942961754654
0.3872639984073093
0.3828438521868721
0.3786863655176519
0.3720351542639031
0.3745563107289058
0.37910976929611867
0.37047530155612957
0.36663890415962147
0.38676203766059875
0.39501278822188507
0.40421335150523446
0.41411379346043337
0.42516013541365055
0.4375218117598972
0.45076600910573655
0.3921743742354538
0.4192812378669449
0.3628251335409002
0.3675590647767819
0.37267750392347426
0.378243159362609
0.38383584198326615
0.4196778155461807
0.39020619188414407
0.3966196296167021
0.40399839218220335
0.411444730830444
0.4196841313335607
0.42886024579541376
0.43863139217188934
0.4196778155461807
0.32357665258503404
0.3268067846635644
0.4192812378669449
0.4430621558096184
0.330036998074612
0.33339837609953743
0.336764124560998
0.432696296725888
0.4574577166115462
0.34924730050034924
0.3402034558444887
0.4230098091349601
0.35299816222062375
0.3437215150756953
0.4143438003895853
0.3921743742354538
0.35691264477531404
0.347323882788173
0.36100972740740794
0.40619047688983306
0.3510166163688968
0.3651340005599997
0.39883318590307876
0.3548062957585725
0.36946127591258593
0.39215102990008777
0.3587000738287032
0.37422028832189896
0.3857892487852059
0.3626179093992269
0.3790468973739727
0.37996741880946105
0.3667411096824844
0.38392730437687594
0.37439875232669373
0.3708997647921426
0.3893545539556617
0.36907607088048
0.3751916575487044
0.3796277514365208
0.39515361794923476
0.3641629399162958
0.40107704346114603
0.38422013357569174
0.40743466481890134
0.3889821519802506
0.3939285721941095
0.414290311775865
0.42171991487756944
0.3990757563448602
0.4044418681619333
0.4298143512386309
0.40992086968026337
0.43868308619978885
0.4157839276339566
0.42179834290687035
0.4281187786051771
0.4574577166115462
0.44645572496521324
0.43666406308709294
0.42738220277677946
0.4190165053323328
0.4110609717251586
0.40384784416361963
0.39696616472567264
0.3906886111383779
0.3846799974927181
0.37893806098778854
0.3713141542280999
0.3736630658292625
0.36860362934523816
0.3756967200324216
0.36392564171719927
0.3802216951016639
0.3848746974315018
0.45076600910573655
0.389635790226786
0.4375218117598972
0.3944788239968292
0.42516013541365055
0.3993708913569031
0.41411379346043337
0.4042719596172139
0.40421335150523446
0.40913475107426517
0.39501278822188507
0.41390494049067933
0.38676203766059875
0.41894687093881927
0.37910976929611867
0.4238228213648385
0.3720351542639031
0.42894287338582293
0.4332894544806868
0.4377751620536723
0.44239644446007526
0.4465528538225547
0.4501557351345585
0.43863139217188934
0.42886024579541376
0.4196841313335607
0.411444730830444
0.40399839218220335
0.3966196296167021
0.39020619188414407
0.38383584198326615
0.378243159362609
0.37267750392347426
0.3675590647767819
0.3628251335409002
0.43868308619978885
0.4501557351345585
0.4298143512386309
0.4465528538225547
0.42171991487756944
0.44239644446007526
0.414290311775865
0.4377751620536723
0.40743466481890134
0.4332894544806868
0.40107704346114603
0.42894287338582293
0.39515361794923476
0.4238228213648385
0.3893545539556617
0.41894687093881927
0.38392730437687594
0.41390494049067933
0.3790468973739727
0.37422028832189896
0.40913475107426517
0.36546479323261016
0.3644941588177091
0.36946127591258593
0.4042719596172139
0.36802237826924405
0.36598371559700676
0.3651340005599997
0.3993708913569031
0.36100972740740794
0.37047563477316636
0.3674775342279565
0.3944788239968292
0.37280105061029634
0.3686041847265026
0.35691264477531404
0.389635790226786
0.35299816222062375
0.37518450949026366
0.36990315869782114
0.3848746974315018
0.34924730050034924
0.3776287146603975
0.37099894021249913
0.3802216951016639
0.37990593128438765
0.3718776406211809
0.3756967200324216
0.381989002480754
0.37272803268275195
0.3713141542280999
0.38409854801122895
0.3733453770892592
0.3859776710920279
0.3739262703767982
0.3878639696084861
0.37426258618907726
0.389755647091435
0.37455700912775525
0.39136999255276594
0.374815577615825
0.3926824847928056
0.374815577615825
0.3942562587834758
0.37455700912775525
0.4281187786051771
0.42179834290687035
0.37426258618907726
0.39521071445282646
0.4157839276339566
0.3739262703767982
0.3961179951906194
0.40992086968026337
0.3733453770892592
0.3969756742660233
0.4044418681619333
0.37272803268275195
0.397472210970144
0.3990757563448602
0.3718776406211809
0.3939285721941095
0.39790868306303817
0.37099894021249913
0.3889821519802506
0.39825396859240714
0.38422013357569174
0.36990315869782114
0.39825396859240714
0.3686041847265026
0.3796277514365208
0.39790868306303817
0.3751916575487044
0.3674775342279565
0.397472210970144
0.36598371559700676
0.3708997647921426
0.3969756742660233
0.3667411096824844
0.3644941588177091
0.3626179093992269
0.3961179951906194
0.3587000738287032
0.39521071445282646
0.3548062957585725
0.3942562587834758
0.3510166163688968
0.3926824847928056
0.347323882788173
0.39136999255276594
0.3437215150756953
0.389755647091435
0.3878639696084861
0.3402034558444887
0.3859776710920279
0.336764124560998
0.38409854801122895
0.33339837609953743
0.381989002480754
0.330036998074612
0.37990593128438765
0.3268067846635644
0.3776287146603975
0.32357665258503404
0.37518450949026366
0.37280105061029634
0.37047563477316636
0.36802237826924405
0.36546479323261016
0.3657008169713772
0.36923864099237774
0.37318063279262914
0.37694227447285833
0.3809217187490976
0.3851424574418995
0.3893590519446899
0.3612320479605
0.3935390095073556
0.36587883088769974
0.3979552216156127
0.370894302104841
0.4022972036694208
0.37633815367485496
0.40687315758195564
0.38204218218126157
0.4113243194031061
0.3880145158963145
0.4159968272893747
0.39455363782137204
0.42047931524207105
0.40143289239282615
0.42515814779588884
0.40902226765186983
0.4300415207790808
0.4346332063571881
0.4170483311461856
0.4388578763622847
0.42597387864657704
0.44318965993920817
0.4359675483428229
0.44762325354390675
0.4461180894935804
0.44762325354390675
0.44318965993920817
0.39730620120711346
0.4388578763622847
0.4346332063571881
0.4300415207790808
0.42515814779588884
0.42047931524207105
0.4242166660156709
0.4159968272893747
0.4113243194031061
0.3650532848388017
0.40687315758195564
0.3697837835790222
0.4022972036694208
0.3749051508762037
0.3979552216156127
0.38024762371574733
0.3935390095073556
0.38581248396784396
0.3893590519446899
0.3918790755804589
0.3851424574418995
0.3982174362431166
0.3523071750019369
0.3809217187490976
0.35623705154576324
0.405168076865013
0.37694227447285833
0.3601980397762133
0.4124513524789102
0.37318063279262914
0.3645294673236934
0.4200638214983176
0.36923864099237774
0.3689167521889572
0.4284589809036049
0.3657008169713772
0.3735516953834309
0.43725280568983743
0.37846667216101787
0.4469994290336084
0.38369937326050757
0.38929387291712425
0.39502026515442834
0.4242166660156709
0.4011715039351114
0.4078109680578855
0.4150141544379433
0.4228715332431786
0.39730620120711346
0.43105493872971845
0.4405267857567071
0.364379948482964
0.36939102052804734
0.37442262228206447
0.3798789731768425
0.38582967874511165
0.3920755933061269
0.398936663097389
0.40617204384777045
0.4137932660381022
0.4222365272874697
0.37604071216469054
0.43117305617686164
0.4411480653914969
0.383748283887884
0.39186703091905994
0.4009527493482409
0.4111707856240049
0.421822159149697
0.4342507063363672
0.4476958546170786
0.4461180894935804
0.4359675483428229
0.42597387864657704
0.4170483311461856
0.40902226765186983
0.40143289239282615
0.39455363782137204
0.3880145158963145
0.38204218218126157
0.37633815367485496
0.370894302104841
0.36587883088769974
0.3612320479605
0.45276843146002865
0.4228276234568431
0.4228276234568431
0.45276843146002865
0.372922956059368
0.4469994290336084
0.3777155283481961
0.4405267857567071
0.43725280568983743
0.3824774214579408
0.43105493872971845
0.4284589809036049
0.38765297723365977
0.4228715332431786
0.4200638214983176
0.4124513524789102
0.4150141544379433
0.39272636699208696
0.405168076865013
0.4078109680578855
0.3979105179759628
0.3982174362431166
0.4011715039351114
0.40351347279001665
0.3918790755804589
0.40884245739683667
0.39502026515442834
0.41456211310301133
0.38581248396784396
0.38929387291712425
0.42027706147371136
0.38024762371574733
0.38369937326050757
0.4259228427390324
0.37846667216101787
0.3749051508762037
0.3735516953834309
0.3697837835790222
0.43192717808039305
0.3689167521889572
0.3650532848388017
0.43777516212301076
0.3645294673236934
0.44337600273971617
0.3601980397762133
0.44863222121600105
0.35623705154576324
0.3523071750019369
0.4476958546170786
0.4342507063363672
0.421822159149697
0.4411480653914969
0.4111707856240049
0.4009527493482409
0.43117305617686164
0.4222365272874697
0.39186703091905994
0.4137932660381022
0.383748283887884
0.40617204384777045
0.37604071216469054
0.398936663097389
0.3920755933061269
0.38582967874511165
0.3798789731768425
0.37442262228206447
0.36939102052804734
0.364379948482964
0.36475896015612624
0.3668448786337167
0.36916165278408736
0.37115164178504445
0.37317374263244446
0.37522875409221146
0.44863222121600105
0.37709864417996247
0.44337600273971617
0.3787603689545215
0.43777516212301076
0.38065623170346824
0.43192717808039305
0.3820875798928413
0.4259228427390324
0.3835044861090577
0.42027706147371136
0.3849049524045026
0.41456211310301133
0.3860302085288251
0.40884245739683667
0.38712367496029865
0.40351347279001665
0.3879181394969377
0.3979105179759628
0.3886683619231386
0.39272636699208696
0.3891022238050429
0.38765297723365977
0.3824774214579408
0.38948345913791116
0.3777155283481961
0.38954458360524685
0.3647772314495762
0.372922956059368
0.38954458360524685
0.36555879880202385
0.38948345913791116
0.3663133427041806
0.3891022238050429
0.3668613815500376
0.3886683619231386
0.367375781869759
0.3879181394969377
0.3678557252986083
0.38712367496029865
0.36811712191430607
0.3860302085288251
0.3681383500153784
0.3849049524045026
0.3681383500153784
0.3562329343491212
0.3605123330407225
0.3835044861090577
0.36811712191430607
0.36487541606051127
0.3820875798928413
0.3678557252986083
0.367375781869759
0.38065623170346824
0.3695060836804794
0.37444153309838685
0.3787603689545215
0.3668613815500376
0.37949772359857126
0.37709864417996247
0.3663133427041806
0.37522875409221146
0.38516053093127006
0.36555879880202385
0.37317374263244446
0.3647772314495762
0.3910101152536319
0.37115164178504445
0.397337751252425
0.40389435997785267
0.36916165278408736
0.41103166358550297
0.3668448786337167
0.41884646169410084
0.36475896015612624
0.42745623344544803
0.4370045280255218
0.3643630609513297
0.36795132179292045
0.3715580328130465
0.3751628898863332
0.3789679880835941
0.3827516413938436
0.38648468121398916
0.39040941052485945
0.39454268168499584
0.39858819281933655
0.4025032333068562
0.40659358712230925
0.41086990197236656
0.4149463984570224
0.41918262643114446
0.42314399210839165
0.4267678472153904
0.4309503463397216
0.4342462481777171
0.45471192582583
0.4380910696102366
0.44145453635893844
0.444269281698841
0.4470477139322579
0.35605940222181687
0.3600838622157522
0.3644971012749353
0.36898806804939716
0.4470477139322579
0.37375243526136
0.444269281698841
0.37882761554476246
0.44145453635893844
0.3840145411624163
0.4380910696102366
0.3898287620409715
0.3958191718122
0.4342462481777171
0.45471192582583
0.4309503463397216
0.4022920774558296
0.40932310353607615
0.4267678472153904
0.42314399210839165
0.41662547005176276
0.41918262643114446
0.42461080747269614
0.4149463984570224
0.4338530511652524
0.41086990197236656
0.4431260379136355
0.40659358712230925
0.4025032333068562
0.39858819281933655
0.39454268168499584
0.39040941052485945
0.38648468121398916
0.3827516413938436
0.3789679880835941
0.3751628898863332
0.3715580328130465
0.36795132179292045
0.3643630609513297
0.4370045280255218
0.3661231292169131
0.42745623344544803
0.3709029279333482
0.41884646169410084
0.37586756288673345
0.41103166358550297
0.38125074642832985
0.40389435997785267
0.3868584779532985
0.397337751252425
0.3926881613099515
0.3910101152536319
0.39904729388264665
0.38516053093127006
0.4594905383609592
0.4056727151059107
0.37949772359857126
0.41293714369853457
0.37444153309838685
0.4205202402092779
0.3695060836804794
0.42887470035639247
0.36487541606051127
0.4376088724907198
0.3605123330407225
0.44727313246867867
0.3562329343491212
0.36589421930024624
0.370802351935845
0.3761262126698171
0.38169588569699286
0.38751662271960313
0.39388101175327844
0.40088099202727584
0.40791149221291884
0.3724918418758669
0.4160552127590688
0.38012172880995987
0.42424894114391537
0.4594905383609592
0.38824670122082855
0.43383160331796494
0.39710726754207915
0.44349495163481334
0.40710274936958396
0.418017873444741
0.43037796233735187
0.44385883930761744
0.4431260379136355
0.4338530511652524
0.42461080747269614
0.41662547005176276
0.40932310353607615
0.4022920774558296
0.3958191718122
0.3898287620409715
0.3840145411624163
0.37882761554476246
0.39856072022426275
0.37375243526136
0.36898806804939716
0.3644971012749353
0.3600838622157522
0.35605940222181687
0.421910743996249
0.3693692371962692
0.3742969313934071
0.39856072022426275
0.3792741356994116
0.38448210739061084
0.3899162070046798
0.39556597723405373
0.40141397965831954
0.421910743996249
0.407434623249937
0.4135930568041297
0.4198442154766926
0.4266017993135905
0.44727313246867867
0.4328969330535861
0.4376088724907198
0.4396321482927247
0.42887470035639247
0.44624917599879665
0.4205202402092779
0.41293714369853457
0.4056727151059107
0.39904729388264665
0.3926881613099515
0.3868584779532985
0.38125074642832985
0.37586756288673345
0.3709029279333482
0.3661231292169131
0.44385883930761744
0.43037796233735187
0.418017873444741
0.40710274936958396
0.39710726754207915
0.38824670122082855
0.38012172880995987
0.3724918418758669
0.44349495163481334
0.43383160331796494
0.42424894114391537
0.4160552127590688
0.40791149221291884
0.40088099202727584
0.39388101175327844
0.38751662271960313
0.3651576232660232
0.38169588569699286
0.36714077284649294
0.3761262126698171
0.36878925161182313
0.370802351935845
0.37064039681550603
0.36589421930024624
0.37211745781480193
0.44624917599879665
0.3737963491555433
0.3569179048592647
0.4396321482927247
0.37506270554617976
0.3611682905999941
0.4328969330535861
0.36568132522363056
0.37631320450546013
0.4266017993135905
0.3775463115268812
0.3704940737070521
0.4198442154766926
0.3754364383693871
0.3785358687196913
0.38073402705482956
0.4135930568041297
0.37949560004729005
0.38644024866918925
0.407434623249937
0.3804238081197002
0.39261861839579565
0.40141397965831954
0.39903860169220173
0.38084933845722635
0.39556597723405373
0.38146506990731155
0.40603560199910865
0.3899162070046798
0.38179987187779624
0.4137067721702596
0.38448210739061084
0.38183244605863903
0.42175991360214476
0.3792741356994116
0.38183244605863903
0.4306599021360431
0.3742969313934071
0.38179987187779624
0.4405638020855742
0.3693692371962692
0.38146506990731155
0.38084933845722635
0.3804238081197002
0.37949560004729005
0.3785358687196913
0.3775463115268812
0.37631320450546013
0.37506270554617976
0.3737963491555433
0.37211745781480193
0.37064039681550603
0.36878925161182313
0.36714077284649294
0.3651576232660232
0.40915814067450895
0.36626231636464246
0.3697115962387967
0.3731497655016408
0.3765537092779066
0.38012776993597397
0.3836414597815012
0.3873246406795509
0.39091291195215194
0.3946636187633042
0.39827541145813616
0.402034879041869
0.4056014457891528
0.4092924207968835
0.41272693199221994
0.4162541107764732
0.4194533839070916
0.42270631885011783
0.42555528550637745
0.4284142499986591
0.4312760263233928
0.43363413198569306
0.4359491192480479
0.43769038872040683
0.43934822895160885
0.36374105516684535
0.44091464694819216
0.3682155850183147
0.441836485725852
0.372842387064358
0.3776160671272214
0.4426394596935516
0.44273991220590875
0.38276961741066134
0.44273991220590875
0.3880934344201186
0.4426394596935516
0.3938656550507212
0.441836485725852
0.3998329913975155
0.44091464694819216
0.40597829699476584
0.43934822895160885
0.4126592741961181
0.41953364506838847
0.43769038872040683
0.42702589334775565
0.4359491192480479
0.43522229910133003
0.43363413198569306
0.4312760263233928
0.44312026307527047
0.4284142499986591
0.42555528550637745
0.42270631885011783
0.38193149337494
0.4194533839070916
0.3767533842429884
0.4162541107764732
0.37175942804724893
0.41272693199221994
0.4092924207968835
0.366951984792941
0.4056014457891528
0.402034879041869
0.39827541145813616
0.3946636187633042
0.39091291195215194
0.3873246406795509
0.3836414597815012
0.38012776993597397
0.3765537092779066
0.3731497655016408
0.3697115962387967
0.36626231636464246
0.366951984792941
0.37175942804724893
0.3767533842429884
0.38193149337494
0.38755026169582735
0.39338873443319733
0.39975635672443005
0.40638500137136485
0.41326318927687095
0.4207957865551542
0.4286167924451022
0.4372134752745431
0.3760253946794779
0.44670464916153835
0.384257806379623
0.3930879802656128
0.402793063959974
0.4134361274579374
0.42553446885761903
0.4388149541002592
0.44312026307527047
0.43522229910133003
0.42702589334775565
0.41953364506838847
0.3684653563105789
0.4126592741961181
0.36894099181131346
0.40597829699476584
0.3692002076464394
0.3998329913975155
0.3693939333956706
0.3938656550507212
0.3880934344201186
0.3693939333956706
0.38276961741066134
0.3692002076464394
0.3776160671272214
0.36894099181131346
0.372842387064358
0.3684653563105789
0.3682155850183147
0.36374105516684535
0.3701551874871144
0.3752093171719935
0.3805551231155951
0.38620235610542925
0.39187416852953383
0.4388149541002592
0.39810501336626264
0.42553446885761903
0.4042881489986695
0.4134361274579374
0.41106508385004265
0.402793063959974
0.4176783796038361
0.3930879802656128
0.42489121565133936
0.44670464916153835
0.384257806379623
0.43227356381713705
0.43976243359493833
0.4372134752745431
0.3760253946794779
0.44727984260120857
0.4286167924451022
0.4207957865551542
0.41326318927687095
0.40638500137136485
0.39975635672443005
0.39338873443319733
0.38755026169582735
0.36323582750009104
0.367711857431216
0.3723413748666583
0.377339186417233
0.3825195025953917
0.38787566502136783
0.39368641022033496
0.4000201572093856
0.40625451802730184
0.41304218538977777
0.420464651483195
0.42815211945725634
0.43658384588265375
0.44530801417697885
0.44727984260120857
0.43976243359493833
0.43227356381713705
0.42489121565133936
0.4176783796038361
0.41106508385004265
0.4042881489986695
0.39810501336626264
0.39187416852953383
0.38620235610542925
0.3805551231155951
0.3752093171719935
0.3701551874871144
0.36438174414188845
0.36766608051138594
0.3707370413774904
0.373946736729579
0.37730762712994614
0.380599798827554
0.38379349488697356
0.38711696336005924
0.39057906093916517
0.39389662644304474
0.39703029887144986
0.4002604069959387
0.4032528670803919
0.40631493581855044
0.4094462823359014
0.4122633082354263
0.4147196285624025
0.417178524110531
0.41963460528983615
0.4216495590146494
0.4236253540408582
0.4255552843210439
0.4269712072406408
0.4278440101139248
0.4290935040773517
0.42930419257503494
0.4298738104356892
0.36417424335225984
0.4298738104356892
0.36845659254552354
0.42930419257503494
0.37305753595222335
0.4290935040773517
0.3778011788470167
0.4278440101139248
0.3826777998910176
0.4269712072406408
0.38793757819737434
0.4255552843210439
0.3936349253626415
0.4236253540408582
0.4216495590146494
0.3991983493306901
0.41963460528983615
0.4052125154135109
0.417178524110531
0.41173892627972
0.4147196285624025
0.4184350404091065
0.4122633082354263
0.42571506313348967
0.4094462823359014
0.43316386096349574
0.40631493581855044
0.4407326010120607
0.4032528670803919
0.44530801417697885
0.4489421445175061
0.43658384588265375
0.4002604069959387
0.39703029887144986
0.42815211945725634
0.39389662644304474
0.420464651483195
0.39057906093916517
0.41304218538977777
0.38711696336005924
0.40625451802730184
0.38379349488697356
0.4000201572093856
0.380599798827554
0.39368641022033496
0.37730762712994614
0.38787566502136783
0.373946736729579
0.3825195025953917
0.3707370413774904
0.377339186417233
0.36766608051138594
0.3723413748666583
0.36438174414188845
0.367711857431216
0.36323582750009104
0.3717906845590231
0.37955804333027193
0.38816002265164823
0.3976907486544563
0.4082454239902789
0.4199163776805288
0.43330197804756293
0.44753628207839913
0.4489421445175061
0.4407326010120607
0.43316386096349574
0.42571506313348967
0.4184350404091065
0.36901972191208554
0.41173892627972
0.3704772082056005
0.4052125154135109
0.3719382009070884
0.37320403679239705
0.3991983493306901
0.3936349253626415
0.3742576714991319
0.38793757819737434
0.37508440518082975
0.3826777998910176
0.37588064375266916
0.3764333607296827
0.3778011788470167
0.40961229286581774
0.3767342082171331
0.37305753595222335
0.37697454135867203
0.36845659254552354
0.37697454135867203
0.36417424335225984
0.3767342082171331
0.3764333607296827
0.37588064375266916
0.37508440518082975
0.3742576714991319
0.37320403679239705
0.3719382009070884
0.3704772082056005
0.36901972191208554
0.40961229286581774
0.44753628207839913
0.43330197804756293
0.4199163776805288
0.4082454239902789
0.3976907486544563
0.38816002265164823
0.37955804333027193
0.37050051058005895
0.37584129434944935
0.38130415466612283
0.387347003942474
0.39349037660925845
0.3717906845590231
0.3999716074678913
0.36544708078895305
0.40678931543791336
0.36834939503559183
0.4139341457683754
0.3713751439186215
0.421386937150117
0.37432738013706024
0.4291168268674849
0.3773992312802989
0.4376157942240891
0.3803675139146894
0.4458025363216451
0.3832023952358507
0.3861286342032368
0.38915091776300026
0.39199034781125275
0.39490618660707616
0.397590622203007
0.40000553572560216
0.4027790399891431
0.4049092298159185
0.4070364583112483
0.40915665971498155
0.3694991216735283
0.4112652921913114
0.36782009112868774
0.4129711100681358
0.36592781802129737
0.4142428545846959
0.41545358300817475
0.3640155196851533
0.36225349727032896
0.4165989546358051
0.4467905487637623
0.3604625902070795
0.417265840378522
0.4291066777476286
0.3584848986011909
0.41785065791030557
0.35664471326949937
0.41397018961510434
0.41795381768871775
0.3546304496221514
0.4006190032249631
0.41795381768871775
0.352745232966434
0.3888769812238273
0.41785065791030557
0.3508366095022484
0.417265840378522
0.3787772626004819
0.34890564647516337
0.4165989546358051
0.34682449710569613
0.41545358300817475
0.34485662077684504
0.4142428545846959
0.4129711100681358
0.4112652921913114
0.40915665971498155
0.4070364583112483
0.4049092298159185
0.4027790399891431
0.40000553572560216
0.397590622203007
0.39490618660707616
0.39199034781125275
0.38915091776300026
0.3861286342032368
0.3832023952358507
0.3803675139146894
0.3773992312802989
0.37432738013706024
0.3713751439186215
0.36834939503559183
0.36544708078895305
0.4458025363216451
0.4376157942240891
0.4291168268674849
0.421386937150117
0.4139341457683754
0.40678931543791336
0.3999716074678913
0.39349037660925845
0.387347003942474
0.38130415466612283
0.37584129434944935
0.37050051058005895
0.3641933019214746
0.3686175971838552
0.3729839958929591
0.37767237685650373
0.3824863588130939
0.3876737367866195
0.39299861652731266
0.3984404943312966
0.40431293224471226
0.410301330812523
0.41677306355475147
0.4233498345280602
0.4304604146399984
0.33407888375778816
0.43764993540229985
0.33621074200244727
0.33842938948306933
0.44541619312516295
0.34063739587601216
0.3428338242945517
0.34501769563956297
0.3471879883437773
0.34934363832075915
0.35148353913954505
0.3536065424458547
0.35571145865048004
0.35779705790480193
0.35986207138235843
0.36207296311068987
0.36409923498013247
0.3661009980886623
0.36826460556328283
0.3702197857229536
0.37214620349746896
0.3742511680045539
0.3761224838517685
0.3781840967182238
0.37999436199572695
0.38200692781949824
0.3839968418849776
0.38570751078091375
0.38763939007263165
0.3895441099985634
0.39114080872352747
0.3929779617273822
0.3947831627418236
0.39655478194049704
0.39829116401584047
0.3999906328403393
0.4013221717497789
0.4029342000440712
0.40450427827225055
0.40603072431460435
0.4078748354765875
0.4093171564432651
0.41071072893533583
0.4120539272729832
0.4133451640712909
0.4145828979962566
0.41617760611817184
0.4173108845640399
0.4183860901714387
0.4194019198928495
0.420798394742955
0.4216976137255167
0.4229895188925471
0.4237664986082175
0.4249472565005783
0.4255969806308744
0.426660492612193
0.4271786778889483
0.42811945428828757
0.42850265930483566
0.42931594058533085
0.43006677101702306
0.4307538283145366
0.43086083448819307
0.43141248487421524
0.4318974638446715
0.43231487378696964
0.4326639337710647
0.43241738059582824
0.4326262491010083
0.432765715934286
0.43283551588259
0.43283551588259
0.432765715934286
0.4326262491010083
0.43241738059582824
0.4326639337710647
0.43231487378696964
0.4318974638446715
0.43141248487421524
0.43086083448819307
0.4307538283145366
0.43006677101702306
0.42931594058533085
0.42850265930483566
0.42811945428828757
0.4271786778889483
0.426660492612193
0.4255969806308744
0.4249472565005783
0.4237664986082175
0.4229895188925471
0.4216976137255167
0.420798394742955
0.4194019198928495
0.4183860901714387
0.4173108845640399
0.41617760611817184
0.37477468562516225
0.38306355951963916
0.4145828979962566
0.4133451640712909
0.3923043359459144
0.4120539272729832
0.4026175742292519
0.41071072893533583
0.4093171564432651
0.41373004701180627
0.4078748354765875
0.42649600291529366
0.40603072431460435
0.44070623736253595
0.40450427827225055
0.4029342000440712
0.4013221717497789
0.44541619312516295
0.3999906328403393
0.43764993540229985
0.39829116401584047
0.4304604146399984
0.39655478194049704
0.4233498345280602
0.3947831627418236
0.37939274391172917
0.41677306355475147
0.39015899367334883
0.3929779617273822
0.410301330812523
0.39114080872352747
0.40220932986344793
0.40431293224471226
0.3895441099985634
0.4159715982501463
0.3984404943312966
0.38763939007263165
0.4321678476348349
0.39299861652731266
0.38570751078091375
0.3839968418849776
0.45072609737843194
0.3876737367866195
0.38200692781949824
0.3824863588130939
0.37999436199572695
0.37767237685650373
0.3781840967182238
0.3761224838517685
0.3742511680045539
0.3729839958929591
0.37051754442392176
0.37214620349746896
0.3686175971838552
0.3702197857229536
0.37253232942742137
0.3641933019214746
0.3745892727014075
0.36826460556328283
0.3661009980886623
0.3764779021655266
0.36409923498013247
0.37817404665212095
0.36207296311068987
0.3796547236244459
0.35986207138235843
0.35779705790480193
0.38113007980506985
0.35571145865048004
0.38212371242832477
0.3536065424458547
0.38332721413945947
0.35148353913954505
0.425465317734875
0.3840152166118307
0.34934363832075915
0.3846607144742138
0.3471879883437773
0.3852620089560879
0.34501769563956297
0.3853073840061075
0.3428338242945517
0.34063739587601216
0.3853073840061075
0.33842938948306933
0.33621074200244727
0.3852620089560879
0.33407888375778816
0.3846607144742138
0.3840152166118307
0.38332721413945947
0.38212371242832477
0.38113007980506985
0.3796547236244459
0.37817404665212095
0.3764779021655266
0.425465317734875
0.3745892727014075
0.37253232942742137
0.37051754442392176
0.3703961218067668
0.375973673313767
0.3817313537466788
0.44070623736253595
0.38787850895400733
0.42649600291529366
0.39443760312573634
0.41373004701180627
0.4014279705352543
0.4026175742292519
0.40886421167053766
0.3923043359459144
0.38306355951963916
0.41634114372669717
0.37477468562516225
0.42463602474837436
0.4333672217394923
0.4419416113707052
0.3658127014320481
0.45138998984490747
0.3684691479788975
0.37122158041704467
0.37387146478846733
0.37660900449184
0.3792122668514323
0.45072609737843194
0.3818905595971983
0.4321678476348349
0.38439789894354137
0.4159715982501463
0.38696336411136345
0.40220932986344793
0.38931706350698486
0.39015899367334883
0.39170821588633603
0.37381071118003906
0.37939274391172917
0.3938441442069123
0.38034853117128875
0.39599418392696717
0.3869991907227133
0.39815598963682
0.39450917323711837
0.40000553558300245
0.40238746627473126
0.40151286399809205
0.41095271527922317
0.4029867311794392
0.41983252808911103
0.4044233842625969
0.4298953273446047
0.4054707966251766
0.4402602754843471
0.406110142906995
0.40703643600600375
0.4075414367033236
0.4076241930216557
0.4076241930216557
0.4075414367033236
0.40703643600600375
0.406110142906995
0.4054707966251766
0.4044233842625969
0.4029867311794392
0.40151286399809205
0.40000553558300245
0.32590524059263143
0.39815598963682
0.32833763608829275
0.39599418392696717
0.33068918456078045
0.3938441442069123
0.3330316325182695
0.39170821588633603
0.335455284204938
0.38931706350698486
0.33787763368910406
0.38696336411136345
0.3401961304639923
0.38439789894354137
0.3426081882076859
0.3818905595971983
0.3450164281781398
0.34730095939659317
0.3792122668514323
0.3496926862745381
0.37660900449184
0.35207751893682054
0.37387146478846733
0.3544543750801017
0.37122158041704467
0.3568221039312822
0.3684691479788975
0.3591794844933065
0.3615252240608409
0.3658127014320481
0.3638579570510646
0.3661762441968671
0.36847857215129937
0.37076335355313195
0.37302892760368295
0.375273561204556
0.377712279701222
0.3799185642286617
0.3820984674165502
0.3844951629682828
0.45138998984490747
0.38662577176636087
0.38898935741899887
0.4419416113707052
0.4333672217394923
0.3910627464507108
0.42463602474837436
0.3933858429962239
0.41634114372669717
0.3953935111035056
0.40886421167053766
0.39766807648392666
0.3996010134640614
0.4014279705352543
0.39443760312573634
0.4018183918718986
0.38787850895400733
0.40400985443161186
0.4058181714726167
0.3817313537466788
0.40793859936671456
0.375973673313767
0.41002611161267755
0.3703961218067668
0.4120782887240377
0.41409264287152897
0.4160666251076926
0.4179976336558598
0.4198830232672779
0.42172011563428285
0.4235062108298534
0.42523859972513756
0.42691457731670823
0.4285314568748922
0.43008658480403883
0.43157735608535136
0.43354442998532267
0.43490997031454864
0.4362033527120808
0.43800211510248455
0.439154166368054
0.44022700684644217
0.44183147533140404
0.44274841209713356
0.4442142032390554
0.4449663862666216
0.4462829557018546
0.4468627695445808
0.44802057599285094
0.4491009470834701
0.4494126648986471
0.45032167324882066
0.4511466609677458
0.4518855429551026
0.45182417222195337
0.4523797844357742
0.45284508071211693
0.4532188274884983
0.45350002458414845
0.4536879139795395
0.45378198653505875
0.45378198653505875
0.4536879139795395
0.45350002458414845
0.4402602754843471
0.4532188274884983
0.45284508071211693
0.4523797844357742
0.4298953273446047
0.45182417222195337
0.4518855429551026
0.4511466609677458
0.36984583443179203
0.41983252808911103
0.45032167324882066
0.375603096347881
0.4494126648986471
0.4491009470834701
0.41095271527922317
0.44802057599285094
0.4468627695445808
0.4462829557018546
0.40238746627473126
0.4449663862666216
0.381829002624908
0.4442142032390554
0.44274841209713356
0.44183147533140404
0.44022700684644217
0.39450917323711837
0.3883055779357738
0.439154166368054
0.43800211510248455
0.3869991907227133
0.3949787037540975
0.4362033527120808
0.43490997031454864
0.38034853117128875
0.43354442998532267
0.4024422058360886
0.37381071118003906
0.41008771162798774
0.4182285076314946
0.4268720787788302
0.43157735608535136
0.4365460422107387
0.43008658480403883
0.44623458787137704
0.4285314568748922
0.42691457731670823
0.42523859972513756
0.4235062108298534
0.42172011563428285
0.4198830232672779
0.4179976336558598
0.4160666251076926
0.41409264287152897
0.4120782887240377
0.41002611161267755
0.36430666130642086
0.40793859936671456
0.3683273473042214
0.4058181714726167
0.37282480260944434
0.40400985443161186
0.3772321138910181
0.4018183918718986
0.38195712032605444
0.3996010134640614
0.3867823386754546
0.39766807648392666
0.3953935111035056
0.3919688895528458
0.3972565197419702
0.3933858429962239
0.3910627464507108
0.4029506941362499
0.40873944254926076
0.38898935741899887
0.38662577176636087
0.4145855038646485
0.4208685976232483
0.3844951629682828
0.3820984674165502
0.4271776107303071
0.3799185642286617
0.377712279701222
0.4339503975883806
0.4412350994162438
0.375273561204556
0.4485014676986066
0.37302892760368295
0.37076335355313195
0.36847857215129937
0.3661762441968671
0.3638579570510646
0.3615252240608409
0.3591794844933065
0.3568221039312822
0.3544543750801017
0.35207751893682054
0.3496926862745381
0.34730095939659317
0.3450164281781398
0.3426081882076859
0.3401961304639923
0.33787763368910406
0.335455284204938
0.3330316325182695
0.33068918456078045
0.32833763608829275
0.32590524059263143
0.37769058548236845
0.44623458787137704
0.38651182802002493
0.4365460422107387
0.39641111460527306
0.4268720787788302
0.40717653646364516
0.4182285076314946
0.41008771162798774
0.4196270283956888
0.4024422058360886
0.4336324340815216
0.3949787037540975
0.4493745497952543
0.3883055779357738
0.381829002624908
0.375603096347881
0.36984583443179203
0.3795295788824677
0.39059007559692627
0.40343315965575466
0.4179538725292185
0.4347252948096584
0.4485014676986066
0.4412350994162438
0.4339503975883806
0.4271776107303071
0.4208685976232483
0.4601921190622165
0.4145855038646485
0.40873944254926076
0.4029506941362499
0.3972565197419702
0.3919688895528458
0.3867823386754546
0.43864971530135555
0.38195712032605444
0.3772321138910181
0.37282480260944434
0.3683273473042214
0.36430666130642086
0.37033172423130645
0.3728529149763866
0.3754650885752893
0.3777387923077974
0.4601921190622165
0.3800694668596749
0.32138231359888997
0.3824590330067989
0.3239266654321832
0.38441349734812463
0.32647402929752317
0.38638782543492944
0.3290236819548611
0.3315748290969512
0.388116059448745
0.33412660112807596
0.38984323002754623
0.3366780489575765
0.39100831265780683
0.33931490394884817
0.3924233168880205
0.3418682752133183
0.3932331770523883
0.43864971530135555
0.3939941535444396
0.34451661537654155
0.3470681606205736
0.3497250393182458
0.3944085598718731
0.39475199688351237
0.35227030084555644
0.39475199688351237
0.35493209109932555
0.3944085598718731
0.3574658281641667
0.36012814065722293
0.3939941535444396
0.362792882165364
0.3932331770523883
0.36545899578284097
0.3924233168880205
0.3681253178206688
0.4493745497952543
0.39100831265780683
0.37061528111115305
0.4336324340815216
0.38984323002754623
0.37326840851783705
0.4196270283956888
0.388116059448745
0.37591715724677094
0.40717653646364516
0.38638782543492944
0.3785598750713884
0.39641111460527306
0.38441349734812463
0.3811947770527036
0.38651182802002493
0.3824590330067989
0.3840475428819917
0.37769058548236845
0.3800694668596749
0.3866725718791596
0.4347252948096584
0.3777387923077974
0.3892839914771658
0.3754650885752893
0.39187944454881873
0.4179538725292185
0.40343315965575466
0.3728529149763866
0.39445642548705817
0.39059007559692627
0.37033172423130645
0.397302972653888
0.3795295788824677
0.39984856539923336
0.40268712410797375
0.40519100848512807
0.40801244432899636
0.4104629559627607
0.4132566905861213
0.4156408294452491
0.41839481434916154
0.4211332786383561
0.42339904884183466
0.42607738382106153
0.42872981741014754
0.43135264953123265
0.43394197897346576
0.4359414431709321
0.43843018597966216
0.4408723974667081
0.44326353274602237
0.4455989146725884
0.4485329157903727
0.45076376029864224
0.45292408337522827
0.4550088352108941
0.4570129677078028
0.45893147079844043
0.46155007019510025
0.4633019375678215
0.4649530045913314
0.46735350349645527
0.37223528743921674
0.3788183003070675
0.3858192293221018
0.39322154614800064
0.4013194046921592
0.41019276135851057
0.4194957654262756
0.46735350349645527
0.4301201648467289
0.4649530045913314
0.4633019375678215
0.46155007019510025
0.45893147079844043
0.44121917460489346
0.4570129677078028
0.4550088352108941
0.45292408337522827
0.45076376029864224
0.4485329157903727
0.4455989146725884
0.44326353274602237
0.4408723974667081
0.43843018597966216
0.4359414431709321
0.43394197897346576
0.43135264953123265
0.42872981741014754
0.42607738382106153
0.42339904884183466
0.4211332786383561
0.41839481434916154
0.4156408294452491
0.4132566905861213
0.4104629559627607
0.40801244432899636
0.40519100848512807
0.40268712410797375
0.39984856539923336
0.397302972653888
0.39445642548705817
0.39187944454881873
0.3892839914771658
0.3866725718791596
0.3840475428819917
0.3811947770527036
0.3785598750713884
0.37591715724677094
0.37326840851783705
0.37061528111115305
0.3681253178206688
0.36545899578284097
0.362792882165364
0.36012814065722293
0.3574658281641667
0.35493209109932555
0.35227030084555644
0.3497250393182458
0.3470681606205736
0.34451661537654155
0.3418682752133183
0.33931490394884817
0.3366780489575765
0.33412660112807596
0.3315748290969512
0.3290236819548611
0.32647402929752317
0.3239266654321832
0.32138231359888997
0.44121917460489346
0.37494456807026205
0.4301201648467289
0.38113154325410026
0.3878334606095346
0.4194957654262756
0.3951020430337471
0.41019276135851057
0.40265336239405625
0.4013194046921592
0.4107898403199364
0.39322154614800064
0.41954847753521923
0.3858192293221018
0.42896153059781966
0.3788183003070675
0.43850786347358234
0.37223528743921674
0.44922611392771583
0.36400531919833373
0.3679594473755471
0.37218071533588015
0.376487927460628
0.3810993718553663
0.3156549573252345
0.3857990425837402
0.3183472206993572
0.39056511620342227
0.3210162558410088
0.3956696565438419
0.3237343322915736
0.32646680988413096
0.4008290505337825
0.40635838405212504
0.3292135443157196
0.33191978398791505
0.411920347051069
0.33468959858995534
0.4178783040823423
0.4238317820828299
0.33747255004448795
0.4301975691977889
0.3402682009732601
0.4365019529900368
0.34315151465645033
0.4432199312046305
0.34597697291928303
0.3488136249449675
0.37201123569060657
0.35166064339564845
0.35461887891467453
0.3805108310303279
0.3574913211138018
0.389869008832757
0.4004391353499129
0.36037130027608255
0.363383347459283
0.4120167845671496
0.3662831925610089
0.4250437327201603
0.37897129644309585
0.3693307333244859
0.4402625399726464
0.39042337964170276
0.3723997594408498
0.3753252180440506
0.40357732137695607
0.37842472845165176
0.41860734488837326
0.3815433899637125
0.43617425420913614
0.3846803060251798
0.3878344028229754
0.39100441317814344
0.39418885991885344
0.39738603887344154
0.40059400165718584
0.4038105384642384
0.4070331611170711
0.4102590866690222
0.4138302766280812
0.41707343634279237
0.42031047693751117
0.4239469033839644
0.4271819592733875
0.4308564070908699
0.4340735746031373
0.4377727560465158
0.4414929129559625
0.4446600240582442
0.42172185477439234
0.44837960124364884
0.45210721023425776
0.38530568318786385
0.3883331516184759
0.3890683824160885
0.40775945389777707
0.3895407564356398
0.3902019649407306
0.3905964953820495
0.3911823530650184
0.43611372803244547
0.3917310422784365
0.39200769259066653
0.39247929287758465
0.3929127856010076
0.3933078665563014
0.3934254095349993
0.3937417341678112
0.3940190193332009
0.3942570662377438
0.39445570331400603
0.3946147867551026
0.394734200965836
0.39481385892738496
0.44922611392771583
0.39485370247303064
0.39485370247303064
0.39481385892738496
0.43850786347358234
0.394734200965836
0.3946147867551026
0.39445570331400603
0.3942570662377438
0.3940190193332009
0.42896153059781966
0.3937417341678112
0.3934254095349993
0.3933078665563014
0.3929127856010076
0.41954847753521923
0.39247929287758465
0.39200769259066653
0.3917310422784365
0.3911823530650184
0.4107898403199364
0.3905964953820495
0.3902019649407306
0.3895407564356398
0.40265336239405625
0.3890683824160885
0.3883331516184759
0.3951020430337471
0.3878334606095346
0.42172185477439234
0.38113154325410026
0.37494456807026205
0.4432199312046305
0.4365019529900368
0.4301975691977889
0.4238317820828299
0.4178783040823423
0.411920347051069
0.40635838405212504
0.4008290505337825
0.3956696565438419
0.39056511620342227
0.3857990425837402
0.3810993718553663
0.376487927460628
0.4402625399726464
0.4250437327201603
0.37218071533588015
0.4120167845671496
0.3679594473755471
0.4004391353499129
0.43617425420913614
0.36400531919833373
0.41860734488837326
0.389869008832757
0.37140656055807103
0.40357732137695607
0.3744726409329166
0.3805108310303279
0.37726235758965504
0.39042337964170276
0.37201123569060657
0.38039205197650783
0.37897129644309585
0.38318590036431727
0.38582627203993153
0.38854492478539854
0.3910655740740574
0.39335230663387344
0.39567041953049176
0.39770607114251294
0.3994254655444472
0.4011265490419474
0.40246871824856073
0.43611372803244547
0.40342722206961124
0.40775945389777707
0.4043284568803093
0.38530568318786385
0.4048201218252115
0.4051993601748166
0.45210721023425776
0.4051993601748166
0.44837960124364884
0.4048201218252115
0.4446600240582442
0.4043284568803093
0.4414929129559625
0.40342722206961124
0.4377727560465158
0.40246871824856073
0.4340735746031373
0.4011265490419474
0.4308564070908699
0.3994254655444472
0.4271819592733875
0.39770607114251294
0.4239469033839644
0.39567041953049176
0.42031047693751117
0.39335230663387344
0.41707343634279237
0.3910655740740574
0.4138302766280812
0.38854492478539854
0.4102590866690222
0.38582627203993153
0.4070331611170711
0.4038105384642384
0.38318590036431727
0.40059400165718584
0.38039205197650783
0.39738603887344154
0.37726235758965504
0.39418885991885344
0.3744726409329166
0.39100441317814344
0.37140656055807103
0.3878344028229754
0.3846803060251798
0.3815433899637125
0.37842472845165176
0.3753252180440506
0.3723997594408498
0.3693307333244859
0.3662831925610089
0.363383347459283
0.36037130027608255
0.3574913211138018
0.35461887891467453
0.35166064339564845
0.3488136249449675
0.34597697291928303
0.34315151465645033
0.3402682009732601
0.33747255004448795
0.33468959858995534
0.33191978398791505
0.3292135443157196
0.32646680988413096
0.3237343322915736
0.3210162558410088
0.3183472206993572
0.3156549573252345
0.37044674262115446
0.3770310496849737
0.38407149172281324
0.3915643730450895
0.39981078861211705
0.4089099749317623
0.4185459797979519
0.4291389139227458
0.44079259401259885
0.3141759009718151
0.3169837301077739
0.31981197399835964
0.32266071712290073
0.32555465394943667
0.32844807729330827
0.3313940923167763
0.33433289517306747
0.3373326383575423
0.3403620057066176
0.34342159937868694
0.34645673829249485
0.3495726892548077
0.3527199297018738
0.3558987963740725
0.3591904825838485
0.3624409436416326
0.3657240164630961
0.3690396139127439
0.37250234916198693
0.3758923575607392
0.37931433082187066
0.38291486118402224
0.38657022804290153
0.3901092726843279
0.40274467286947646
0.39386428889915553
0.3976768514005773
0.4015478924691471
0.4052425765791404
0.4092140105828812
0.41324416395437286
0.41733295969240697
0.4214799829273339
0.4260275781517759
0.4303144878090281
0.43465763221622117
0.43905479666980773
0.40274467286947646
0.40280997570116367
0.43655171412417626
0.37118061632993166
0.3725289974552428
0.44079259401259885
0.3738464358022207
0.4291389139227458
0.3751322266730488
0.37638567561549763
0.4185459797979519
0.3740749842944827
0.3776061001113109
0.38296796549711454
0.4089099749317623
0.4473828058812384
0.37879283128099117
0.39309789427979747
0.39981078861211705
0.43081044554530007
0.3799452155961205
0.3915643730450895
0.4039964717864776
0.3810626165898176
0.4167454841485944
0.4167454841485944
0.38407149172281324
0.4039964717864776
0.3821444165556992
0.3770310496849737
0.39309789427979747
0.3834104245126699
0.43081044554530007
0.38442230898756163
0.37044674262115446
0.38296796549711454
0.4473828058812384
0.3853967632904793
0.3636314097343503
0.3740749842944827
0.3675153563413626
0.38633325500616233
0.3874645683213259
0.37146093783022616
0.3883262759243533
0.3756644953184831
0.389148461330162
0.37992779763029855
0.38447863236719265
0.3890819194450696
0.3940012735070676
0.3901728974300807
0.3989578057797421
0.39091705734130644
0.3918684102781571
0.3979369412326547
0.4039156971508336
0.39253255504130463
0.3934084616021116
0.3939908239426631
0.4022511994364395
0.39478910651934934
0.40919769553393626
0.39528816420026835
0.3960068561368596
0.4068120339884661
0.3964213518779079
0.3970587206708311
0.4144436372431437
0.4114958778428122
0.39765606606707493
0.397942246481258
0.4200215844292577
0.3984559921595599
0.41611645837217914
0.3989284886865864
0.39935933894798503
0.3994718455806597
0.42104615329876605
0.3998168946136941
0.4255093492354426
0.40011947133992204
0.42611662425905417
0.40037931479272826
0.4313241842866944
0.4005961994676072
0.40076993614940254
0.4313346350084007
0.40090037261179795
0.4009873941836106
0.40103092417746455
0.437490773797295
0.40103092417746455
0.4009873941836106
0.4434805000642065
0.40090037261179795
0.40076993614940254
0.4005961994676072
0.40037931479272826
0.4492073214472568
0.40011947133992204
0.3998168946136941
0.3994718455806597
0.39935933894798503
0.3989284886865864
0.3984559921595599
0.397942246481258
0.39765606606707493
0.3970587206708311
0.3964213518779079
0.3960068561368596
0.43655171412417626
0.39528816420026835
0.39478910651934934
0.3939908239426631
0.3934084616021116
0.40280997570116367
0.39253255504130463
0.3918684102781571
0.39091705734130644
0.3901728974300807
0.389148461330162
0.3883262759243533
0.3874645683213259
0.38633325500616233
0.3853967632904793
0.38442230898756163
0.3834104245126699
0.3821444165556992
0.3810626165898176
0.3799452155961205
0.37879283128099117
0.3776061001113109
0.43905479666980773
0.37638567561549763
0.3751322266730488
0.43465763221622117
0.3738464358022207
0.4303144878090281
0.3848957278991376
0.3725289974552428
0.4260275781517759
0.4226978141535616
0.37118061632993166
0.4214799829273339
0.41733295969240697
0.41324416395437286
0.4092140105828812
0.4052425765791404
0.4015478924691471
0.3976768514005773
0.39386428889915553
0.3901092726843279
0.38657022804290153
0.38291486118402224
0.37931433082187066
0.3758923575607392
0.37250234916198693
0.3690396139127439
0.3657240164630961
0.3624409436416326
0.3591904825838485
0.3558987963740725
0.3527199297018738
0.3495726892548077
0.34645673829249485
0.34342159937868694
0.4492073214472568
0.3403620057066176
0.4434805000642065
0.437490773797295
0.3373326383575423
0.4313241842866944
0.33433289517306747
0.4255093492354426
0.3313940923167763
0.4200215844292577
0.32844807729330827
0.4144436372431437
0.32555465394943667
0.40919769553393626
0.32266071712290073
0.4039156971508336
0.31981197399835964
0.3989578057797421
0.3169837301077739
0.3940012735070676
0.3141759009718151
0.3890819194450696
0.4226978141535616
0.38447863236719265
0.3848957278991376
0.37992779763029855
0.3756644953184831
0.3715294810262523
0.3750967793137257
0.37146093783022616
0.3144597965653064
0.3675153563413626
0.3784497484119406
0.317391020254522
0.3636314097343503
0.32035478456994987
0.3817509335869909
0.385218752204304
0.32335219498004897
0.3885997813476131
0.32638436957812866
0.39185650305829534
0.32945243357758724
0.39494881785575664
0.3325575127442753
0.3978349257039205
0.3357007256254349
0.4007986442317807
0.3388971618852696
0.3421236647450121
0.40349837543712436
0.40588999689747735
0.34541317722209924
0.4082976994514902
0.34872869721975386
0.41033819910964137
0.35211851133502087
0.35556361715361545
0.4123610639807396
0.35902623659032173
0.4139616911821153
0.3625832478709224
0.4151081180238436
0.3662021687983243
0.41618583494146333
0.3698854403140147
0.4167754798037389
0.35561181223710103
0.37363553057679005
0.35726599054565084
0.417235698668023
0.3774549199985406
0.417235698668023
0.35904915466377907
0.3813460831118685
0.38540584399437333
0.36064845345961866
0.4167754798037389
0.3894588990774842
0.41618583494146333
0.36238372958491116
0.3935919451056452
0.4151081180238436
0.3640960990197804
0.4139616911821153
0.3656083807629676
0.4313346350084007
0.3672675278714528
0.42611662425905417
0.4123610639807396
0.3689011075932133
0.42104615329876605
0.37050822678383366
0.41033819910964137
0.41611645837217914
0.4082976994514902
0.3718932062903095
0.4114958778428122
0.3734398857000125
0.40588999689747735
0.4068120339884661
0.37495739095105746
0.40349837543712436
0.4022511994364395
0.376444816754762
0.3979369412326547
0.3779012579176136
0.4007986442317807
0.3793258114781197
0.3978349257039205
0.3935919451056452
0.38071757893982106
0.39494881785575664
0.3894588990774842
0.38207566859149455
0.38540584399437333
0.39185650305829534
0.38339919790432014
0.3813460831118685
0.3885997813476131
0.3846872959944375
0.3774549199985406
0.38593910613817517
0.385218752204304
0.37363553057679005
0.3817509335869909
0.38715378832600206
0.3698854403140147
0.3784497484119406
0.38833052184026723
0.3662021687983243
0.3894685078407864
0.3750967793137257
0.3625832478709224
0.3715294810262523
0.3908254656350091
0.35902623659032173
0.3918875910034848
0.35556361715361545
0.39290859640756803
0.35211851133502087
0.39388778690308246
0.34872869721975386
0.3950995525977295
0.34541317722209924
0.39599655627877467
0.3421236647450121
0.3388971618852696
0.3357007256254349
0.3325575127442753
0.3968497081088595
0.3979449571234595
0.32945243357758724
0.39871169016499214
0.3997268452404842
0.4004045606781893
0.4010357075627152
0.32638436957812866
0.4019229287570341
0.40276887547726004
0.4032619783206389
0.40401933653900246
0.40441753984927387
0.32335219498004897
0.40508406721339446
0.4057059666414052
0.405959959438564
0.32035478456994987
0.4064881145334891
0.4069700712923615
0.4074053241467067
0.40746392457900377
0.317391020254522
0.40780271795802525
0.4080937976912895
0.40833685004052994
0.3144597965653064
0.40853161139745237
0.4086778694486751
0.40877546412072513
0.4088242882964758
0.4088242882964758
0.40877546412072513
0.4086778694486751
0.40853161139745237
0.40833685004052994
0.4080937976912895
0.40780271795802525
0.40746392457900377
0.4074053241467067
0.4069700712923615
0.4064881145334891
0.405959959438564
0.4057059666414052
0.40508406721339446
0.40441753984927387
0.40401933653900246
0.4032619783206389
0.40276887547726004
0.4019229287570341
0.4010357075627152
0.4004045606781893
0.3997268452404842
0.39871169016499214
0.3979449571234595
0.3968497081088595
0.39599655627877467
0.3950995525977295
0.39388778690308246
0.39290859640756803
0.3918875910034848
0.3908254656350091
0.3894685078407864
0.38833052184026723
0.38715378832600206
0.38593910613817517
0.3846872959944375
0.38339919790432014
0.38207566859149455
0.38071757893982106
0.3793258114781197
0.3779012579176136
0.376444816754762
0.37495739095105746
0.3759783370363506
0.3734398857000125
0.3852457464628445
0.3718932062903095
0.39585656573568395
0.37050822678383366
0.40770307542664497
0.3689011075932133
0.3672675278714528
0.42085622651584814
0.436416680610395
0.3656083807629676
0.3640960990197804
0.36238372958491116
0.36064845345961866
0.35904915466377907
0.35726599054565084
0.35561181223710103
0.436416680610395
0.42085622651584814
0.40770307542664497
0.39585656573568395
0.3852457464628445
0.3759783370363506
0.3774867041206702
0.38731385042163513
0.3983767873790365
0.4107964162526857
0.42513949318379446
0.44177500187417484
0.34485662077684504
0.34682449710569613
0.34890564647516337
0.3508366095022484
0.352745232966434
0.3546304496221514
0.35664471326949937
0.3584848986011909
0.3604625902070795
0.36225349727032896
0.3640155196851533
0.36592781802129737
0.36782009112868774
0.3694991216735283
0.41582594112800747
0.4611003348322804
0.3713421932788925
0.42090472772392645
0.3729584214284506
0.4262625972049417
0.3747477763799968
0.43143307403440934
0.37651163958534284
0.4368559112527185
0.39999762996158394
0.3780275905754899
0.37973081865869407
0.4011429614069022
0.4419970657880128
0.36663890415962147
0.38140509087396773
0.40224211827116196
0.4473460960118134
0.37047530155612957
0.3830492392930669
0.40362219324120985
0.3745563107289058
0.3846620842171419
0.4046309275470617
0.40559050253077655
0.3786863655176519
0.4068442003000469
0.38599098315155617
0.4077071764094315
0.40851841067703243
0.3828438521868721
0.4096356019746704
0.38753143217093994
0.41034485006377114
0.4113678365142958
0.41197187138722924
0.3890370282776503
0.41289668220108494
0.3872639984073093
0.41339275162024347
0.41421581636569327
0.4146016982050231
0.3905065879088902
0.3916942961754654
0.4153199095510318
0.41598668763592467
0.3919389322594658
0.41660115906083467
0.39640435878205166
0.4167626654373216
0.41726702785762726
0.3933328910125566
0.4177171311175928
0.4010973868962764
0.41811235864590224
0.41804507047751116
0.3946873062118744
0.4183272190090525
0.40573210065740445
0.4185534152150115
0.4187233420642383
0.4188367602574392
0.39600103625336225
0.4188935095303125
0.41100765408497414
0.4188935095303125
0.3975725282917754
0.4188367602574392
0.4187233420642383
0.4185534152150115
0.3988071358472855
0.4183272190090525
0.41804507047751116
0.41811235864590224
0.4177171311175928
0.41726702785762726
0.4167626654373216
0.41660115906083467
0.41598668763592467
0.4153199095510318
0.4611003348322804
0.4146016982050231
0.41421581636569327
0.41339275162024347
0.41289668220108494
0.39999762996158394
0.41197187138722924
0.4113678365142958
0.41034485006377114
0.3988071358472855
0.4096356019746704
0.40851841067703243
0.4077071764094315
0.4068442003000469
0.3975725282917754
0.40559050253077655
0.39600103625336225
0.4046309275470617
0.3946873062118744
0.40362219324120985
0.3933328910125566
0.3919389322594658
0.40224211827116196
0.3905065879088902
0.4011429614069022
0.3890370282776503
0.38753143217093994
0.38599098315155617
0.3846620842171419
0.3830492392930669
0.38140509087396773
0.37973081865869407
0.3780275905754899
0.37651163958534284
0.3747477763799968
0.44177500187417484
0.3729584214284506
0.42513949318379446
0.3713421932788925
0.4107964162526857
0.37468837036363933
0.3983767873790365
0.3785419436942092
0.38731385042163513
0.38241876527541213
0.3774867041206702
0.38629055171727383
0.3901243438274037
0.3938826590511798
0.41150531352113523
0.42483903944982815
0.3975238755329237
0.414704903333899
0.42675621123592894
0.40133187489977395
0.4175517781385299
0.4049662517420597
0.42813446358385054
0.4204261011874215
0.4083751364923125
0.4294287501536946
0.4228717261174072
0.4301397005457367
0.3708816959553018
0.3787772626004819
0.3888769812238273
0.4006190032249631
0.41397018961510434
0.4291066777476286
0.4467905487637623
